State,District,Market,Commodity,Variety,Grade,Arrival_Date,Min_x0020_Price,Max_x0020_Price,Modal_x0020_Price
Bihar,Banka,Barahat,Onion,Medium,FAQ,27-08-2025,3000,3500,3200
Gujarat,Amreli,Babra,Cotton,Shanker 6 (B) 30mm FIne,FAQ,27-08-2025,7850,8150,8000
Gujarat,Amreli,Babra,Wheat,Other,FAQ,27-08-2025,2375,2525,2450
Gujarat,Amreli,Bagasara,Wheat,Lokwan Gujrat,Non-FAQ,27-08-2025,2150,2675,2412
Gujarat,Amreli,Damnagar,Cabbage,Cabbage,FAQ,27-08-2025,1250,2050,1800
Gujarat,Amreli,Damnagar,Coriander(Leaves),Coriander,FAQ,27-08-2025,1550,2250,2000
Gujarat,Amreli,Damnagar,Tomato,Local,Non-FAQ,27-08-2025,2650,3500,3200
Gujarat,Amreli,Savarkundla,Bengal Gram(Gram)(Whole),Average (Whole),FAQ,27-08-2025,5250,5575,5400
Gujarat,Amreli,Savarkundla,Wheat,Bansi,FAQ,27-08-2025,2500,2850,2700
Gujarat,Chhota Udaipur,Bodeliu,Groundnut,Other,FAQ,27-08-2025,6915,6915,6915
Gujarat,Junagarh,Bhesan,Bengal Gram(Gram)(Whole),Other,FAQ,27-08-2025,4250,5750,5500
Gujarat,Junagarh,Bhesan,"Sesamum(Sesame,Gingelly,Til)",Other,FAQ,27-08-2025,5000,9850,9000
Gujarat,Navsari,Navsari,Bottle gourd,Bottle Gourd,FAQ,27-08-2025,1500,2000,1750
Gujarat,Navsari,Navsari,Tomato,Other,FAQ,27-08-2025,1500,3750,2625
Gujarat,Panchmahals,Morva Hafad,Paddy(Dhan)(Common),Paddy,FAQ,27-08-2025,1500,2000,1750
Gujarat,Rajkot,Rajkot(Veg.Sub Yard),Bottle gourd,Bottle Gourd,FAQ,27-08-2025,500,1500,1000
Gujarat,Rajkot,Rajkot(Veg.Sub Yard),Potato,Desi,FAQ,27-08-2025,750,1750,1250
Gujarat,Surendranagar,Chotila,Groundnut,JL-24,Non-FAQ,27-08-2025,4500,5500,5000
Gujarat,Surendranagar,Chotila,Jowar(Sorghum),Jowar ( White),Non-FAQ,27-08-2025,3500,4000,3750
Gujarat,Vadodara(Baroda),Padra,Cauliflower,Other,FAQ,27-08-2025,2000,3250,2650
Gujarat,Vadodara(Baroda),Padra,Potato,Other,FAQ,27-08-2025,1500,2100,1800
Haryana,Bhiwani,Bhiwani,Apple,Apple,Large,27-08-2025,8120,10250,9521
Haryana,Bhiwani,Bhiwani,Cauliflower,Other,FAQ,27-08-2025,2510,3020,2750
Haryana,Bhiwani,Bhiwani,Potato,Potato,FAQ,27-08-2025,1240,1450,1311
Haryana,Hissar,Barwala(Hisar),Bitter gourd,Other,FAQ,27-08-2025,3000,3500,3300
Haryana,Hissar,Barwala(Hisar),Bottle gourd,Other,FAQ,27-08-2025,1000,1100,1050
Haryana,Hissar,Hansi,Cauliflower,Other,FAQ,27-08-2025,4000,6000,5000
Haryana,Hissar,Hansi,French Beans (Frasbean),Other,FAQ,27-08-2025,4000,6000,5000
Haryana,Hissar,Hansi,Pomegranate,Other,Medium,27-08-2025,8000,14000,10000
Haryana,Hissar,Uklana,Bottle gourd,Bottle Gourd,FAQ,27-08-2025,800,1000,1000
Haryana,Hissar,Uklana,Cucumbar(Kheera),Cucumbar,FAQ,27-08-2025,1400,1500,1500
Haryana,Hissar,Uklana,Guava,Guava,Medium,27-08-2025,2000,2000,2000
Haryana,Hissar,Uklana,Onion,Onion,FAQ,27-08-2025,1400,1500,1500
Haryana,Mahendragarh-Narnaul,Narnaul,Pear(Marasebu),Pears,Medium,27-08-2025,4000,4000,4000
Haryana,Panchkula,Raipur Rai,Bottle gourd,Bottle Gourd,FAQ,27-08-2025,1400,1500,1400
Haryana,Panchkula,Raipur Rai,Brinjal,Other,FAQ,27-08-2025,1400,1500,1400
Haryana,Panchkula,Raipur Rai,Cucumbar(Kheera),Other,FAQ,27-08-2025,1600,1800,1600
Haryana,Rewari,Kosli,Bhindi(Ladies Finger),Bhindi,FAQ,27-08-2025,2000,2000,2000
Haryana,Rewari,Rewari,Onion,Medium,Non-FAQ,27-08-2025,1000,2200,1600
Haryana,Rohtak,Meham,Apple,Apple,Medium,27-08-2025,2500,5000,3000
Haryana,Rohtak,Meham,Banana,Other,Medium,27-08-2025,1600,1600,1600
Haryana,Rohtak,Meham,Bhindi(Ladies Finger),Bhindi,FAQ,27-08-2025,2000,2000,2000
Haryana,Sirsa,Dabwali,Potato,Other,FAQ,27-08-2025,800,900,900
Haryana,Sirsa,kalanwali,Banana,Other,Medium,27-08-2025,2200,2800,2500
Haryana,Sonipat,Ganaur,Bhindi(Ladies Finger),Bhindi,FAQ,27-08-2025,2800,3000,2800
Haryana,Sonipat,Ganaur,Capsicum,Capsicum,FAQ,27-08-2025,3500,4000,3800
Haryana,Sonipat,Ganaur,Ridgeguard(Tori),Ridgeguard(Tori),FAQ,27-08-2025,2400,2500,2400
Haryana,Sonipat,Gohana,Green Chilli,Other,FAQ,27-08-2025,3000,5000,4000
Haryana,Sonipat,Gohana,Onion,Other,Non-FAQ,27-08-2025,1000,2000,1500
Haryana,Sonipat,Gohana,Potato,Other,Non-FAQ,27-08-2025,1000,2200,1500
Haryana,Yamuna Nagar,Chhachrauli,Bhindi(Ladies Finger),Bhindi,FAQ,27-08-2025,2000,2800,2000
Haryana,Yamuna Nagar,Chhachrauli,Green Chilli,Green Chilly,FAQ,27-08-2025,3700,3700,3700
Haryana,Yamuna Nagar,Chhachrauli,Onion,Onion,FAQ,27-08-2025,1900,2500,1900
Haryana,Yamuna Nagar,Radaur,Bottle gourd,Other,FAQ,27-08-2025,1100,1500,1300
Haryana,Yamuna Nagar,Radaur,Cucumbar(Kheera),Other,FAQ,27-08-2025,2200,2600,2400
Haryana,Yamuna Nagar,Radaur,Mousambi(Sweet Lime),Other,Medium,27-08-2025,3000,3200,3100
Haryana,Yamuna Nagar,Radaur,Ridgeguard(Tori),Other,FAQ,27-08-2025,1500,2000,1700
Haryana,Yamuna Nagar,Radaur,Spinach,Other,FAQ,27-08-2025,1000,1200,1100
Haryana,Yamuna Nagar,Sadhaura,Green Chilli,Green Chilly,FAQ,27-08-2025,3000,4500,4000
Himachal Pradesh,Hamirpur,Hamirpur,Bottle gourd,Other,FAQ,27-08-2025,3500,5000,4200
Himachal Pradesh,Hamirpur,Hamirpur,Brinjal,Other,FAQ,27-08-2025,4000,4500,4200
Himachal Pradesh,Hamirpur,Hamirpur,Cucumbar(Kheera),Other,FAQ,27-08-2025,4000,4500,4200
Himachal Pradesh,Hamirpur,Hamirpur,Papaya,Other,Medium,27-08-2025,5000,5500,5200
Himachal Pradesh,Hamirpur,Hamirpur,Squash(Chappal Kadoo),Other,FAQ,27-08-2025,2500,3000,2700
Himachal Pradesh,Hamirpur,Hamirpur,Tomato,Other,FAQ,27-08-2025,4500,5000,4700
Himachal Pradesh,Hamirpur,Hamirpur(Nadaun),Apple,Golden,Medium,27-08-2025,4000,6000,5000
Himachal Pradesh,Hamirpur,Hamirpur(Nadaun),Bhindi(Ladies Finger),Other,FAQ,27-08-2025,3500,4000,3700
Himachal Pradesh,Hamirpur,Hamirpur(Nadaun),French Beans (Frasbean),Other,FAQ,27-08-2025,9000,10000,9500
Himachal Pradesh,Hamirpur,Hamirpur(Nadaun),Guava,Other,Medium,27-08-2025,6000,7000,6500
Himachal Pradesh,Kangra,Dharamshala,Bitter gourd,Other,FAQ,27-08-2025,4000,4500,4250
Himachal Pradesh,Kangra,Dharamshala,Bottle gourd,Bottle Gourd,FAQ,27-08-2025,5500,6000,5750
Himachal Pradesh,Kangra,Dharamshala,Brinjal,Other,FAQ,27-08-2025,4500,5000,4750
Himachal Pradesh,Kangra,Dharamshala,Capsicum,Other,FAQ,27-08-2025,7500,8000,7750
Himachal Pradesh,Kangra,Dharamshala,Coriander(Leaves),Other,FAQ,27-08-2025,25000,30000,27500
Himachal Pradesh,Kangra,Dharamshala,Green Chilli,Other,FAQ,27-08-2025,6000,6500,6250
Himachal Pradesh,Kangra,Dharamshala,Pomegranate,Other,Medium,27-08-2025,13000,14000,13500
Himachal Pradesh,Kangra,Dharamshala,Tomato,Other,FAQ,27-08-2025,5000,5500,5250
Himachal Pradesh,Kangra,Kangra,Brinjal,Other,FAQ,27-08-2025,4000,4500,4200
Himachal Pradesh,Kangra,Kangra,Colacasia,Colacasia,FAQ,27-08-2025,2500,3000,2700
Himachal Pradesh,Kangra,Kangra,Onion,Other,FAQ,27-08-2025,2600,2700,2700
Himachal Pradesh,Kangra,Kangra,Pineapple,Other,Medium,27-08-2025,4000,4500,4200
Himachal Pradesh,Kangra,Kangra,Potato,Other,FAQ,27-08-2025,1100,2500,1800
Himachal Pradesh,Kangra,Kangra,Pumpkin,Other,FAQ,27-08-2025,1500,2000,1800
Himachal Pradesh,Kangra,Kangra,Raddish,Other,FAQ,27-08-2025,2000,2200,2100
Himachal Pradesh,Kangra,Kangra,Sponge gourd,Other,FAQ,27-08-2025,3000,3500,3200
Himachal Pradesh,Kangra,Kangra(Baijnath),Banana,Banana - Ripe,Medium,27-08-2025,3500,3600,3600
Himachal Pradesh,Kangra,Kangra(Baijnath),Tomato,Tomato,FAQ,27-08-2025,4300,4500,4400
Himachal Pradesh,Kangra,Kangra(Jaisinghpur),Bottle gourd,Bottle Gourd,FAQ,27-08-2025,3200,3800,3600
Himachal Pradesh,Kangra,Kangra(Jaisinghpur),Brinjal,Brinjal,FAQ,27-08-2025,4200,4600,4500
Himachal Pradesh,Kangra,Kangra(Jaisinghpur),Mashrooms,Mashrooms,FAQ,27-08-2025,20000,22000,21500
Himachal Pradesh,Kangra,Kangra(Nagrota Bagwan),Cucumbar(Kheera),Cucumbar,FAQ,27-08-2025,2500,3000,2700
Himachal Pradesh,Kangra,Kangra(Nagrota Bagwan),Onion,Other,FAQ,27-08-2025,2400,2600,2500
Himachal Pradesh,Kangra,Kangra(Nagrota Bagwan),Pear(Marasebu),Other,Medium,27-08-2025,4000,7000,6000
Himachal Pradesh,Kangra,Kangra(Nagrota Bagwan),Potato,Other,FAQ,27-08-2025,1100,2200,1500
Himachal Pradesh,Kangra,Kangra(Nagrota Bagwan),Spinach,Other,FAQ,27-08-2025,4000,4500,4200
Himachal Pradesh,Kangra,Kangra(Nagrota Bagwan),Sponge gourd,Other,FAQ,27-08-2025,3000,3500,3200
Himachal Pradesh,Kangra,Palampur,Bhindi(Ladies Finger),Other,FAQ,27-08-2025,3500,4000,3800
Himachal Pradesh,Kangra,Palampur,Brinjal,Brinjal,FAQ,27-08-2025,4000,4500,4300
Himachal Pradesh,Kangra,Palampur,Colacasia,Colacasia,FAQ,27-08-2025,3000,3500,3300
Himachal Pradesh,Kangra,Palampur,Cucumbar(Kheera),Other,FAQ,27-08-2025,2500,3000,2800
Himachal Pradesh,Kangra,Palampur,Garlic,Average,FAQ,27-08-2025,10000,12600,11300
Himachal Pradesh,Kangra,Palampur,Mousambi(Sweet Lime),Other,Medium,27-08-2025,5000,5300,5150
Himachal Pradesh,Kangra,Palampur,Papaya,Other,Medium,27-08-2025,3200,3500,3400
Himachal Pradesh,Sirmore,Paonta Sahib,Cabbage,Other,FAQ,27-08-2025,2000,2500,2200
Himachal Pradesh,Sirmore,Paonta Sahib,Carrot,Other,FAQ,27-08-2025,2500,3500,3000
Himachal Pradesh,Sirmore,Paonta Sahib,French Beans (Frasbean),Other,FAQ,27-08-2025,10000,12000,11000
Himachal Pradesh,Solan,Dharampur,Capsicum,Other,FAQ,27-08-2025,1500,4000,3000
Himachal Pradesh,Solan,Solan,Apple,Apple,Medium,27-08-2025,2500,11000,5500
Himachal Pradesh,Solan,Solan,Banana,Other,Medium,27-08-2025,2000,3000,2700
Himachal Pradesh,Solan,Solan,Bitter gourd,Other,FAQ,27-08-2025,2000,3000,2500
Himachal Pradesh,Solan,Solan,Bottle gourd,Other,FAQ,27-08-2025,2500,2800,2700
Himachal Pradesh,Solan,Solan,Coriander(Leaves),Other,FAQ,27-08-2025,12000,14000,13000
Himachal Pradesh,Solan,Solan,French Beans (Frasbean),Other,FAQ,27-08-2025,5000,8600,8400
Himachal Pradesh,Solan,Solan,Garlic,Other,FAQ,27-08-2025,4000,11000,6500
Himachal Pradesh,Solan,Solan,Guava,Other,Medium,27-08-2025,2000,5000,4000
Himachal Pradesh,Solan,Solan,Pomegranate,Other,Medium,27-08-2025,10000,14000,13000
Himachal Pradesh,Solan,Solan,Potato,Other,FAQ,27-08-2025,600,2400,2300
Kerala,Alappuzha,Chengannur,Cucumbar(Kheera),Other,FAQ,27-08-2025,2700,3000,2800
Kerala,Alappuzha,Chengannur,Onion,Onion,FAQ,27-08-2025,2300,2600,2400
Kerala,Alappuzha,Cherthala,Banana - Green,Banana - Green,FAQ,27-08-2025,3400,3600,3500
Kerala,Alappuzha,Cherthala,Bitter gourd,Other,FAQ,27-08-2025,4300,4500,4400
Kerala,Alappuzha,Cherthala,Onion,Big,FAQ,27-08-2025,3000,3200,3100
Kerala,Alappuzha,Harippad,Bottle gourd,Other,FAQ,27-08-2025,1000,1500,1000
Kerala,Alappuzha,Harippad,Potato,Other,FAQ,27-08-2025,4000,4500,4000
Kerala,Ernakulam,Amalapuram  VFPCK,Banana,Palayamthodan,Large,27-08-2025,3100,3300,3200
Kerala,Ernakulam,North Paravur,Amla(Nelli Kai),Amla,FAQ,27-08-2025,5000,6000,5500
Kerala,Ernakulam,North Paravur,Capsicum,Capsicum,FAQ,27-08-2025,6000,7000,6500
Kerala,Ernakulam,North Paravur,Snakeguard,Other,FAQ,27-08-2025,3500,4500,4000
Kerala,Ernakulam,Thrippunithura,Banana,Poovan,Medium,27-08-2025,8000,9000,8200
Kerala,Ernakulam,Thrippunithura,Capsicum,Capsicum,FAQ,27-08-2025,7000,10000,8000
Kerala,Ernakulam,Thrippunithura,Cluster beans,Cluster Beans,FAQ,27-08-2025,6600,8000,6800
Kerala,Ernakulam,Thrippunithura,Cowpea(Veg),Cowpea (Veg),FAQ,27-08-2025,5500,6500,5700
Kerala,Ernakulam,Thrippunithura,Ginger(Green),Green Ginger,FAQ,27-08-2025,10000,14000,11000
Kerala,Ernakulam,Thrippunithura,Leafy Vegetable,Other,FAQ,27-08-2025,8000,10000,8500
Kerala,Ernakulam,Thrippunithura,Onion,Big,FAQ,27-08-2025,2300,3000,2300
Kerala,Ernakulam,Thrippunithura,Pineapple,Pine Apple,Medium,27-08-2025,4500,6000,4700
Kerala,Ernakulam,Thrippunithura,Tomato,Tomato,FAQ,27-08-2025,7000,7500,7200
Kerala,Kannur,Kannur,Banana - Green,Other,FAQ,27-08-2025,4500,4700,4600
Kerala,Kannur,Kannur,Cowpea(Veg),Cowpea (Veg),FAQ,27-08-2025,4500,4900,4700
Kerala,Kannur,Payyannur,Arecanut(Betelnut/Supari),Other,FAQ,27-08-2025,64500,66500,65500
Kerala,Kannur,Payyannur,Banana,Other,Large,27-08-2025,3900,4100,4000
Kerala,Kannur,Payyannur,Banana,Other,Small,27-08-2025,4500,4700,4600
Kerala,Kannur,Payyannur,Cucumbar(Kheera),Other,FAQ,27-08-2025,4500,4700,4600
Kerala,Kottayam,Ettumanoor,Beetroot,Other,FAQ,27-08-2025,2600,3000,2800
Kerala,Kottayam,Ettumanoor,Cabbage,Other,FAQ,27-08-2025,2400,2800,2600
Kerala,Kottayam,Ettumanoor,Colacasia,Other,FAQ,27-08-2025,6400,6800,6600
Kerala,Kottayam,Ettumanoor,Potato,Potato,FAQ,27-08-2025,3000,3400,3200
Kerala,Kottayam,Ettumanoor,Snakeguard,Snakeguard,FAQ,27-08-2025,4000,4400,4100
Kerala,Kottayam,Kuruppanthura,Banana - Green,Banana - Green,FAQ,27-08-2025,5000,6000,5000
Kerala,Kottayam,Kuruppanthura,Carrot,Carrot,FAQ,27-08-2025,7400,8000,8000
Kerala,Kottayam,Kuruppanthura,Drumstick,Drumstick,FAQ,27-08-2025,4200,6000,5000
Kerala,Kottayam,Kuruppanthura,Onion,Big,FAQ,27-08-2025,3000,3500,3500
Kerala,Kottayam,Kuruppanthura,Snakeguard,Snakeguard,FAQ,27-08-2025,4800,6000,5000
Kerala,Kottayam,Kuruppanthura,Tomato,Tomato,FAQ,27-08-2025,6000,7000,6600
Kerala,Kottayam,Pampady,Coconut,Coconut,FAQ,27-08-2025,6600,7700,7000
Kerala,Kottayam,Pampady,Drumstick,Other,FAQ,27-08-2025,3500,4000,3800
Kerala,Kottayam,Pampady,Green Chilli,Green Chilly,FAQ,27-08-2025,4000,5500,5000
Kerala,Kottayam,Pampady,Little gourd (Kundru),Other,FAQ,27-08-2025,4500,6000,5500
Kerala,Kottayam,Pampady,Potato,Other,FAQ,27-08-2025,3100,4500,4000
Kerala,Kozhikode(Calicut),Kallachi,Amaranthus,Amaranthus,FAQ,27-08-2025,3200,3600,3400
Kerala,Kozhikode(Calicut),Mukkom,Amphophalus,Amphophalus,FAQ,27-08-2025,6000,6500,6200
Kerala,Kozhikode(Calicut),Mukkom,Banana - Green,Banana - Green,FAQ,27-08-2025,4000,4400,4200
Kerala,Kozhikode(Calicut),Mukkom,Bottle gourd,Bottle Gourd,FAQ,27-08-2025,3400,3700,3500
Kerala,Kozhikode(Calicut),Mukkom,Grapes,Other,Large,27-08-2025,12000,13000,12500
Kerala,Kozhikode(Calicut),Palayam,Amaranthus,Other,FAQ,27-08-2025,2300,2300,2300
Kerala,Kozhikode(Calicut),Palayam,Amphophalus,Other,FAQ,27-08-2025,4000,4000,4000
Kerala,Kozhikode(Calicut),Palayam,Cucumbar(Kheera),Other,FAQ,27-08-2025,3800,3800,3800
Kerala,Kozhikode(Calicut),Palayam,Drumstick,Other,FAQ,27-08-2025,3000,3000,3000
Kerala,Kozhikode(Calicut),Palayam,Potato,Other,FAQ,27-08-2025,2100,2200,2100
Kerala,Kozhikode(Calicut),Perambra,Brinjal,Other,FAQ,27-08-2025,3500,4500,4000
Kerala,Kozhikode(Calicut),Quilandy,Bhindi(Ladies Finger),Other,FAQ,27-08-2025,3900,4200,4000
Kerala,Kozhikode(Calicut),Quilandy,Cowpea(Veg),Other,FAQ,27-08-2025,4500,5000,4800
Kerala,Kozhikode(Calicut),Quilandy,Drumstick,Other,FAQ,27-08-2025,3800,4100,4000
Kerala,Kozhikode(Calicut),Quilandy,Ginger(Green),Other,FAQ,27-08-2025,7200,7500,7500
Kerala,Kozhikode(Calicut),Thamarassery,Ashgourd,Other,FAQ,27-08-2025,2700,3500,3000
Kerala,Kozhikode(Calicut),Thamarassery,Carrot,Other,FAQ,27-08-2025,5900,6500,6100
Kerala,Kozhikode(Calicut),Thamarassery,Pumpkin,Other,FAQ,27-08-2025,2500,3500,2700
Kerala,Kozhikode(Calicut),Thamarassery,Snakeguard,Other,FAQ,27-08-2025,3300,3900,3400
Kerala,Kozhikode(Calicut),Thamarassery,Tomato,Other,FAQ,27-08-2025,3700,4500,4000
Kerala,Kozhikode(Calicut),Vengeri(Kozhikode),Bitter gourd,Bitter Gourd,FAQ,27-08-2025,4000,4300,4300
Kerala,Kozhikode(Calicut),Vengeri(Kozhikode),Brinjal,Brinjal,FAQ,27-08-2025,3200,3500,3500
Kerala,Kozhikode(Calicut),Vengeri(Kozhikode),French Beans (Frasbean),French Beans (Frasbean),FAQ,27-08-2025,4600,4900,4900
Kerala,Kozhikode(Calicut),Vengeri(Kozhikode),Snakeguard,Snakeguard,FAQ,27-08-2025,3000,3300,3300
Kerala,Kozhikode(Calicut),Vengeri(Kozhikode),Tomato,Tomato,FAQ,27-08-2025,4000,4300,4300
Kerala,Palakad,Koduvayoor,Banana,Nendra Bale,Medium,27-08-2025,4000,4400,4200
Kerala,Palakad,Koduvayoor,Banana,Palayamthodan,Medium,27-08-2025,3000,3400,3200
Kerala,Palakad,Koduvayoor,Banana - Green,Other,FAQ,27-08-2025,6500,6900,6700
Kerala,Palakad,Koduvayoor,Brinjal,Other,FAQ,27-08-2025,2800,3200,3000
Kerala,Palakad,Koduvayoor,Coconut,Big,FAQ,27-08-2025,6200,6600,6400
Kerala,Palakad,Koduvayoor,Colacasia,Other,FAQ,27-08-2025,6500,6900,6700
Kerala,Palakad,Koduvayoor,Cowpea(Veg),Other,FAQ,27-08-2025,2000,2400,2200
Kerala,Palakad,Koduvayoor,French Beans (Frasbean),Other,FAQ,27-08-2025,5500,5900,5700
Kerala,Palakad,Koduvayoor,Ginger(Green),Other,FAQ,27-08-2025,4000,4800,4400
Kerala,Palakad,Pattambi,Bottle gourd,Other,FAQ,27-08-2025,2000,2500,2200
Kerala,Palakad,Pattambi,Lime,Other,Large,27-08-2025,6500,7000,6800
Kerala,Palakad,Pattambi,Pumpkin,Other,FAQ,27-08-2025,2500,2800,2800
Kerala,Pathanamthitta,Kuttoor,Amaranthus,Amaranthus,FAQ,27-08-2025,4600,5000,4800
Kerala,Pathanamthitta,Kuttoor,Bitter gourd,Bitter Gourd,FAQ,27-08-2025,9600,10000,9800
Kerala,Pathanamthitta,Kuttoor,Coconut Oil,Copra Oil,FAQ,27-08-2025,48000,52000,50000
Kerala,Thirssur,KADUKUTTY VFPCK,Elephant Yam (Suran),Elephant Yam (Suran),FAQ,27-08-2025,4000,5000,4500
Kerala,Thirssur,Nooluvally  VFPCK,Banana,Nendra Bale,Medium,27-08-2025,3800,4600,4303
Kerala,Thirssur,Pariyaram VFPCK,Banana,Poovan,Medium,27-08-2025,1200,6000,4626
Kerala,Thiruvananthapuram,Chala,Banana,Banana - Ripe,Medium,27-08-2025,4500,4600,4500
Kerala,Thiruvananthapuram,Chala,Banana,Red Banana,Medium,27-08-2025,5800,5800,5800
Kerala,Thiruvananthapuram,Chala,Carrot,Other,FAQ,27-08-2025,7600,7800,7600
Kerala,Thiruvananthapuram,Chala,Cluster beans,Other,FAQ,27-08-2025,5000,5000,5000
Kerala,Thiruvananthapuram,Chala,Colacasia,Other,FAQ,27-08-2025,8000,8200,8000
Kerala,Thiruvananthapuram,Chala,Grapes,Black,Medium,27-08-2025,7000,7000,7000
Kerala,Thiruvananthapuram,Chala,Green Chilli,Green Chilly,FAQ,27-08-2025,13000,13200,13000
Kerala,Thiruvananthapuram,Chala,Green Chilli,Other,FAQ,27-08-2025,4700,4800,4700
Kerala,Thiruvananthapuram,Chala,Little gourd (Kundru),Little gourd (Kundru),FAQ,27-08-2025,4000,4200,4000
Kerala,Thiruvananthapuram,Chala,Pineapple,Other,Medium,27-08-2025,4000,4000,4000
Kerala,Thiruvananthapuram,Chala,Pumpkin,Other,FAQ,27-08-2025,2500,2500,2500
Kerala,Thiruvananthapuram,Neyyatinkara,Beetroot,Beetroot,FAQ,27-08-2025,5400,6000,5600
Kerala,Thiruvananthapuram,Neyyatinkara,Carrot,Other,FAQ,27-08-2025,5400,6000,5600
Kerala,Thiruvananthapuram,Neyyatinkara,Cluster beans,Other,FAQ,27-08-2025,5400,6000,5600
Kerala,Thiruvananthapuram,Neyyatinkara,Snakeguard,Other,FAQ,27-08-2025,5400,6000,5600
Kerala,Thiruvananthapuram,Neyyatinkara,Tapioca,Tapioca,FAQ,27-08-2025,4500,5000,4700
Kerala,Thiruvananthapuram,PAPPANCHANI VFPCK,Amranthas Red,Chawli Lal,FAQ,27-08-2025,48,50,49
Kerala,Thiruvananthapuram,PAPPANCHANI VFPCK,Cowpea(Veg),Bean Barbati,FAQ,27-08-2025,78,80,79
Kerala,Thiruvananthapuram,Parassala,Amaranthus,Amaranthus,FAQ,27-08-2025,6000,6500,6000
Kerala,Thiruvananthapuram,Parassala,Banana,Palayamthodan,Medium,27-08-2025,2800,3000,2800
Kerala,Thiruvananthapuram,Parassala,Beetroot,Beetroot,FAQ,27-08-2025,3800,4000,3800
Kerala,Thiruvananthapuram,Parassala,Colacasia,Other,FAQ,27-08-2025,6500,6800,6500
Kerala,Thiruvananthapuram,Parassala,Green Chilli,Green Chilly,FAQ,27-08-2025,7500,8000,7500
Kerala,Wayanad,Manathavady,Bitter gourd,Bitter Gourd,FAQ,27-08-2025,2700,2800,2800
Kerala,Wayanad,Pulpally,Cucumbar(Kheera),Other,FAQ,27-08-2025,1200,1400,1300
Kerala,Wayanad,Pulpally,Ginger(Dry),Other,FAQ,27-08-2025,1250,1270,1260
Madhya Pradesh,Dhar,Dhamnod,Maize,Local,FAQ,27-08-2025,1545,2252,2252
Madhya Pradesh,Katni,Katni,Wheat,Mill Quality,FAQ,27-08-2025,2500,2600,2600
Madhya Pradesh,Khandwa,Mundi,Wheat,Wheat,FAQ,27-08-2025,2650,2720,2720
Madhya Pradesh,Khandwa,Pandhana,Wheat,Lokwan,FAQ,27-08-2025,2610,2610,2610
Madhya Pradesh,Mandla,Mandla,Wheat,Local,FAQ,27-08-2025,2550,2550,2550
Madhya Pradesh,Raisen,Obedullaganj,Wheat,Mill Quality,FAQ,27-08-2025,2570,2570,2570
Madhya Pradesh,Ratlam,Taal,Wheat,Wheat,FAQ,27-08-2025,2560,2731,2731
Madhya Pradesh,Shivpuri,Karera,Wheat,Wheat,Non-FAQ,27-08-2025,2574,2574,2574
Madhya Pradesh,Tikamgarh,Tikamgarh,Wheat,Wheat,FAQ,27-08-2025,2590,2590,2590
Maharashtra,Ahmednagar,Shrirampur,Brinjal,Other,Local,27-08-2025,2000,2500,2250
Maharashtra,Ahmednagar,Shrirampur,Cabbage,Other,Local,27-08-2025,400,500,450
Maharashtra,Ahmednagar,Shrirampur,Cauliflower,Other,Local,27-08-2025,600,800,700
Maharashtra,Ahmednagar,Shrirampur,Chilly Capsicum,Other,Local,27-08-2025,1500,3000,2250
Maharashtra,Ahmednagar,Shrirampur,Green Chilli,Other,Local,27-08-2025,2500,3000,2750
Maharashtra,Ahmednagar,Shrirampur,Potato,Other,Local,27-08-2025,1400,1600,1500
Maharashtra,Pune,Pune(Pimpri),Bottle gourd,Other,Local,27-08-2025,1500,3000,2250
Maharashtra,Pune,Pune(Pimpri),Cauliflower,Other,Local,27-08-2025,2200,2200,2200
Maharashtra,Pune,Pune(Pimpri),Raddish,Other,Local,27-08-2025,6,8,8
Maharashtra,Pune,Pune(Pimpri),Ridgeguard(Tori),Other,Local,27-08-2025,4000,4000,4000
Maharashtra,Pune,Pune(Pimpri),Spinach,Other,Local,27-08-2025,7,8,8
Maharashtra,Raigad,Alibagh,Rice,Other,Local,27-08-2025,2500,2700,2600
Nagaland,Dimapur,Dimapur,Beans,Other,FAQ,27-08-2025,5200,6000,5500
Nagaland,Dimapur,Dimapur,Bhindi(Ladies Finger),Other,FAQ,27-08-2025,4300,5000,4500
Nagaland,Dimapur,Dimapur,Bottle gourd,Other,FAQ,27-08-2025,3200,4000,3500
Nagaland,Tsemenyu,Tsemenyu,Bottle gourd,Bottle gourd-Organic,FAQ,27-08-2025,2300,2800,2500
Odisha,Boudh,Boudh,Banana - Green,Banana - Green,FAQ,27-08-2025,2500,3500,3000
Odisha,Boudh,Boudh,Brinjal,Other,FAQ,27-08-2025,3000,5000,4000
Odisha,Boudh,Boudh,Cabbage,Other,FAQ,27-08-2025,2500,3200,3000
Odisha,Boudh,Khunthabandha,Onion,Other,FAQ,27-08-2025,2250,2800,2500
Odisha,Boudh,Khunthabandha,Potato,Other,Non-FAQ,27-08-2025,1200,1750,1500
Odisha,Dhenkanal,Hindol,Banana - Green,Other,FAQ,27-08-2025,2600,3000,2800
Odisha,Dhenkanal,Hindol,Drumstick,Drumstick,FAQ,27-08-2025,6000,6500,6200
Odisha,Dhenkanal,Hindol,Onion,Other,Non-FAQ,27-08-2025,2000,2500,2200
Punjab,Amritsar,Rayya,Potato,Other,FAQ,27-08-2025,1500,1500,1500
Punjab,Hoshiarpur,Garh Shankar,Banana,Medium,Medium,27-08-2025,3300,3600,3500
Punjab,Hoshiarpur,Garh Shankar,Bitter gourd,Bitter Gourd,FAQ,27-08-2025,2500,3000,2800
Punjab,Hoshiarpur,Garh Shankar,Garlic,Average,FAQ,27-08-2025,5500,6000,5700
Punjab,Hoshiarpur,Garh Shankar,Ginger(Green),Green Ginger,FAQ,27-08-2025,3500,4500,4000
Punjab,Hoshiarpur,Garh Shankar,Onion,Other,FAQ,27-08-2025,1600,2000,1800
Punjab,Hoshiarpur,Tanda Urmur,Apple,Other,Medium,27-08-2025,7000,8000,7500
Punjab,Hoshiarpur,Tanda Urmur,Bhindi(Ladies Finger),Other,FAQ,27-08-2025,4000,5000,4500
Punjab,Hoshiarpur,Tanda Urmur,Ginger(Dry),Other,FAQ,27-08-2025,6000,7000,6500
Punjab,Hoshiarpur,Tanda Urmur,Onion,Other,FAQ,27-08-2025,1800,2200,2000
Punjab,Hoshiarpur,Tanda Urmur,Papaya,Other,Medium,27-08-2025,4000,5000,4500
Punjab,Hoshiarpur,Tanda Urmur,Pineapple,Other,Medium,27-08-2025,4000,5000,4500
Punjab,Hoshiarpur,Tanda Urmur,Tomato,Other,FAQ,27-08-2025,5000,6000,5500
Punjab,Jalandhar,Bilga,Garlic,Average,FAQ,27-08-2025,7800,8000,7900
Punjab,Ludhiana,Doraha,Bitter gourd,Other,FAQ,27-08-2025,2200,2200,2200
Punjab,Ludhiana,Doraha,Tomato,Other,FAQ,27-08-2025,3500,3500,3500
Punjab,Ludhiana,Khanna,Banana,Other,Medium,27-08-2025,1600,1600,1600
Punjab,Ludhiana,Khanna,Cabbage,Other,FAQ,27-08-2025,700,1500,1000
Punjab,Ludhiana,Khanna,Cucumbar(Kheera),Other,FAQ,27-08-2025,700,1500,1000
Punjab,Ludhiana,Ludhiana,Beetroot,Other,FAQ,27-08-2025,1000,1800,1300
Punjab,Ludhiana,Ludhiana,Bottle gourd,Other,FAQ,27-08-2025,400,1600,900
Punjab,Ludhiana,Ludhiana,Cabbage,Other,FAQ,27-08-2025,500,1100,800
Punjab,Ludhiana,Ludhiana,Cauliflower,Other,FAQ,27-08-2025,600,2200,1500
Punjab,Ludhiana,Ludhiana,Colacasia,Other,FAQ,27-08-2025,1000,1300,1100
Punjab,Ludhiana,Ludhiana,Pomegranate,Other,Medium,27-08-2025,3000,7000,5000
Punjab,Ludhiana,Ludhiana,Pumpkin,Other,FAQ,27-08-2025,200,700,300
Punjab,Ludhiana,Ludhiana,Raddish,Other,FAQ,27-08-2025,500,1600,1000
Punjab,Moga,Kot ise Khan,Brinjal,Other,FAQ,27-08-2025,800,1000,900
Punjab,Moga,Kot ise Khan,Cucumbar(Kheera),Other,FAQ,27-08-2025,600,800,700
Punjab,Moga,Kot ise Khan,Potato,Other,Non-FAQ,27-08-2025,800,1000,900
Punjab,Mohali,Kurali,Bitter gourd,Other,FAQ,27-08-2025,1800,2000,1900
Punjab,Mohali,Kurali,Brinjal,Other,FAQ,27-08-2025,1900,2050,1920
Punjab,Mohali,Kurali,Capsicum,Other,FAQ,27-08-2025,6000,6500,6200
Punjab,Mohali,Kurali,Colacasia,Arabi,FAQ,27-08-2025,1400,1600,1500
Punjab,Mohali,Kurali,Potato,Other,FAQ,27-08-2025,900,1000,950
Punjab,Ropar (Rupnagar),Chamkaur Sahib,Bottle gourd,Other,FAQ,27-08-2025,500,600,550
Punjab,Ropar (Rupnagar),Chamkaur Sahib,Capsicum,Other,FAQ,27-08-2025,5900,6000,5950
Punjab,Sangrur,Ahmedgarh,Apple,American,Medium,27-08-2025,5000,5500,5500
Punjab,Tarntaran,Patti,Bhindi(Ladies Finger),Other,FAQ,27-08-2025,2000,2400,2200
Punjab,Tarntaran,Tarantaran,Green Chilli,Other,FAQ,27-08-2025,2800,3200,3000
Rajasthan,Churu,Churu,Tomato,Hybrid,Non-FAQ,27-08-2025,2600,3000,2800
Rajasthan,Ganganagar,Sriganganagar (F&V),Green Chilli,Green Chilly,FAQ,27-08-2025,3800,4200,4000
Rajasthan,Ganganagar,Sriganganagar (F&V),Lime,Other,Medium,27-08-2025,2800,3200,3000
Rajasthan,Ganganagar,Sriganganagar (F&V),Potato,Other,FAQ,27-08-2025,900,1100,1000
Rajasthan,Jaipur Rural,Bassi,Mustard,Other,Non-FAQ,27-08-2025,6563,6563,6563
Rajasthan,Jodhpur,Jodhpur (F&V),Apple,Other,Medium,27-08-2025,3000,9000,6000
Rajasthan,Jodhpur,Jodhpur (F&V),Banana,Other,Medium,27-08-2025,1000,2000,1500
Rajasthan,Jodhpur,Jodhpur (F&V),Garlic,Other,FAQ,27-08-2025,2000,7000,4500
Rajasthan,Jodhpur,Jodhpur (F&V),Onion,Other,FAQ,27-08-2025,500,1300,900
Rajasthan,Jodhpur,Jodhpur (F&V),Potato,Other,FAQ,27-08-2025,600,1200,900
Rajasthan,Jodhpur Rural,Ositan Mathania,Mustard,Other,FAQ,27-08-2025,6000,6300,6150
Rajasthan,Nagaur,Nagaur(Jayal),Bajra(Pearl Millet/Cumbu),Other,FAQ,27-08-2025,1800,2300,2100
Rajasthan,Nagaur,Nagaur(Jayal),Guar,Other,FAQ,27-08-2025,4600,5000,4800
Rajasthan,Nagaur,Nagaur(Jayal),Isabgul (Psyllium),Other,FAQ,27-08-2025,7000,10000,8500
Telangana,Karimnagar,Gangadhara,Paddy(Dhan)(Common),I.R. 64,FAQ,27-08-2025,2300,2300,2300
Telangana,Karimnagar,Huzzurabad,Paddy(Dhan)(Common),MTU-1010,FAQ,27-08-2025,2320,2320,2320
Telangana,Nalgonda,Aler,Arhar (Tur/Red Gram)(Whole),777 New Ind,FAQ,27-08-2025,7550,7550,7550
Telangana,Nalgonda,Thungathurthy,Paddy(Dhan)(Common),1001,Non-FAQ,27-08-2025,2300,2300,2300
Tripura,Gomati,Nutanbazar,Cucumbar(Kheera),Cucumbar,FAQ,27-08-2025,3850,4000,3950
Tripura,Gomati,Nutanbazar,Rice,Masuri,FAQ,27-08-2025,3850,4000,3950
Tripura,Gomati,Nutanbazar,Tomato,Hybrid,FAQ,27-08-2025,7850,8000,7950
Tripura,North Tripura,Dasda,Rice,Masuri,FAQ,27-08-2025,3300,3500,3400
Uttar Pradesh,Agra,Jagnair,Brinjal,Brinjal,FAQ,27-08-2025,1500,1600,1550
Uttar Pradesh,Agra,Jagnair,Tinda,Tinda,FAQ,27-08-2025,2000,2200,2100
Uttar Pradesh,Aligarh,Aligarh,Apple,Delicious,Medium,27-08-2025,9230,9370,9300
Uttar Pradesh,Aligarh,Atrauli,Sponge gourd,Sponge gourd,FAQ,27-08-2025,1700,1800,1750
Uttar Pradesh,Aligarh,Charra,Potato,Desi,FAQ,27-08-2025,1000,1200,1100
Uttar Pradesh,Aligarh,Khair,Bhindi(Ladies Finger),Other,FAQ,27-08-2025,1000,1400,1200
Uttar Pradesh,Aligarh,Khair,Bottle gourd,Bottle Gourd,FAQ,27-08-2025,800,1200,1000
Uttar Pradesh,Aligarh,Khair,Brinjal,Round/Long,FAQ,27-08-2025,1000,1500,1200
Uttar Pradesh,Aligarh,Khair,Cauliflower,Cauliflower,FAQ,27-08-2025,2500,3000,2800
Uttar Pradesh,Aligarh,Khair,Garlic,Garlic,FAQ,27-08-2025,3000,3800,3500
Uttar Pradesh,Amethi,Sultanpur,Bitter gourd,Bitter Gourd,FAQ,27-08-2025,2550,2585,2565
Uttar Pradesh,Amethi,Sultanpur,Bottle gourd,Bottle Gourd,FAQ,27-08-2025,1535,1580,1550
Uttar Pradesh,Amethi,Sultanpur,Onion,Red,Non-FAQ,27-08-2025,1100,1145,1125
Uttar Pradesh,Amethi,Sultanpur,Potato,Desi,FAQ,27-08-2025,980,1035,1010
Uttar Pradesh,Amethi,Sultanpur,Rice,Common,FAQ,27-08-2025,3265,3300,3285
Uttar Pradesh,Amethi,Sultanpur,Tomato,Deshi,Non-FAQ,27-08-2025,3800,3845,3825
Uttar Pradesh,Amroha,Dhanaura,Apple,Kasmir/Shimla - II,Medium,27-08-2025,3000,4000,3500
Uttar Pradesh,Amroha,Dhanaura,Brinjal,Brinjal,FAQ,27-08-2025,1000,1500,1200
Uttar Pradesh,Amroha,Dhanaura,Green Chilli,Green Chilly,FAQ,27-08-2025,2000,2500,2300
Uttar Pradesh,Amroha,Dhanaura,Tomato,Deshi,Non-FAQ,27-08-2025,1500,2000,1700
Uttar Pradesh,Amroha,Hasanpur,Apple,Delicious,Medium,27-08-2025,4210,5000,4520
Uttar Pradesh,Amroha,Hasanpur,Banana,Other,Medium,27-08-2025,2100,3000,2520
Uttar Pradesh,Amroha,Hasanpur,Cabbage,Cabbage,FAQ,27-08-2025,1410,1500,1450
Uttar Pradesh,Amroha,Hasanpur,Mousambi(Sweet Lime),Mousambi,Medium,27-08-2025,1810,2000,1850
Uttar Pradesh,Amroha,Hasanpur,Potato,Potato,FAQ,27-08-2025,810,1000,850
Uttar Pradesh,Amroha,Hasanpur,Pumpkin,Pumpkin,FAQ,27-08-2025,1410,1500,1450
Uttar Pradesh,Ayodhya,Faizabad,Apple,Apple,Medium,27-08-2025,7600,7800,7680
Uttar Pradesh,Ayodhya,Faizabad,Banana,Banana - Ripe,Medium,27-08-2025,2700,2850,2780
Uttar Pradesh,Ayodhya,Faizabad,Mustard,Sarson(Black),FAQ,27-08-2025,6350,6530,6500
Uttar Pradesh,Ayodhya,Faizabad,Papaya,Papaya,Medium,27-08-2025,2800,2900,2870
Uttar Pradesh,Ayodhya,Faizabad,Pumpkin,Pumpkin,FAQ,27-08-2025,1500,1630,1580
Uttar Pradesh,Ayodhya,Faizabad,Wheat,Dara,Non-FAQ,27-08-2025,2400,2490,2460
Uttar Pradesh,Badaun,Shahaswan,Brinjal,Brinjal,FAQ,27-08-2025,950,1100,1000
Uttar Pradesh,Badaun,Shahaswan,Pumpkin,Other,FAQ,27-08-2025,950,1100,1000
Uttar Pradesh,Bahraich,Naanpara,Apple,Kasmir/Shimla - II,Medium,27-08-2025,5000,5200,5100
Uttar Pradesh,Bahraich,Naanpara,Bhindi(Ladies Finger),Bhindi,FAQ,27-08-2025,1500,1700,1600
Uttar Pradesh,Bahraich,Naanpara,Pomegranate,Pomogranate,Medium,27-08-2025,6000,6400,6200
Uttar Pradesh,Bahraich,Naanpara,Ridgeguard(Tori),Ridgeguard(Tori),FAQ,27-08-2025,1500,1600,1540
Uttar Pradesh,Balrampur,Panchpedwa,Onion,Red,FAQ,27-08-2025,1300,1500,1400
Uttar Pradesh,Balrampur,Panchpedwa,Tomato,Tomato,FAQ,27-08-2025,1800,2200,2000
Uttar Pradesh,Bareilly,Anwala,Pumpkin,Pumpkin,FAQ,27-08-2025,1000,1200,1100
Uttar Pradesh,Bulandshahar,Divai,Potato,F.A.Q.,FAQ,27-08-2025,800,1000,900
Uttar Pradesh,Bulandshahar,Gulavati,Garlic,Desi,FAQ,27-08-2025,5100,5300,5200
Uttar Pradesh,Bulandshahar,Sikarpur,Bhindi(Ladies Finger),Bhindi,FAQ,27-08-2025,1200,1400,1300
Uttar Pradesh,Bulandshahar,Sikarpur,Cabbage,Cabbage,FAQ,27-08-2025,4800,5000,4900
Uttar Pradesh,Farukhabad,Kamlaganj,Potato,Desi,FAQ,27-08-2025,700,800,750
Uttar Pradesh,Fatehpur,Kishunpur,Wheat,Dara,FAQ,27-08-2025,2450,2550,2500
Uttar Pradesh,Firozabad,Firozabad,Bhindi(Ladies Finger),Bhindi,FAQ,27-08-2025,1310,1530,1420
Uttar Pradesh,Firozabad,Firozabad,Ginger(Green),Green Ginger,FAQ,27-08-2025,3300,3550,3435
Uttar Pradesh,Firozabad,Firozabad,Green Gram Dal (Moong Dal),Green Gram Dal,FAQ,27-08-2025,9440,9650,9560
Uttar Pradesh,Firozabad,Firozabad,Lemon,Lemon,FAQ,27-08-2025,3100,3350,3230
Uttar Pradesh,Firozabad,Tundla,Apple,Apple,Medium,27-08-2025,8175,8225,8200
Uttar Pradesh,Firozabad,Tundla,Bajra(Pearl Millet/Cumbu),Hybrid,FAQ,27-08-2025,2300,2350,2325
Uttar Pradesh,Firozabad,Tundla,Bottle gourd,Bottle Gourd,FAQ,27-08-2025,1225,1275,1250
Uttar Pradesh,Firozabad,Tundla,Capsicum,Capsicum,FAQ,27-08-2025,6225,6300,6250
Uttar Pradesh,Firozabad,Tundla,Green Chilli,Green Chilly,FAQ,27-08-2025,4475,4525,4500
Uttar Pradesh,Firozabad,Tundla,Gur(Jaggery),Red,FAQ,27-08-2025,4125,4175,4150
Uttar Pradesh,Firozabad,Tundla,Tomato,Deshi,FAQ,27-08-2025,3385,3430,3410
Uttar Pradesh,Hathras,Haathras,Apple,Delicious,Medium,27-08-2025,9450,9650,9540
Uttar Pradesh,Hathras,Haathras,Banana,Banana - Ripe,Medium,27-08-2025,2500,2700,2620
Uttar Pradesh,Hathras,Haathras,Green Chilli,Green Chilly,FAQ,27-08-2025,3900,4100,4020
Uttar Pradesh,Hathras,Haathras,Lemon,Lemon,FAQ,27-08-2025,4150,4350,4280
Uttar Pradesh,Hathras,Haathras,Mousambi(Sweet Lime),Mousambi,Medium,27-08-2025,3350,3550,3480
Uttar Pradesh,Hathras,Haathras,Papaya,Papaya,Medium,27-08-2025,2550,2750,2680
Uttar Pradesh,Hathras,Haathras,Tomato,Deshi,FAQ,27-08-2025,3650,3850,3780
Uttar Pradesh,Hathras,Sikandraraau,Wheat,Dara,FAQ,27-08-2025,2440,2530,2490
Uttar Pradesh,Jalaun (Orai),Jalaun,Apple,Apple,Small,27-08-2025,3500,3500,3500
Uttar Pradesh,Jalaun (Orai),Jalaun,Brinjal,Round/Long,FAQ,27-08-2025,1000,1200,1000
Uttar Pradesh,Jhansi,Moth,Onion,Red,FAQ,27-08-2025,1370,1470,1420
Uttar Pradesh,Jhansi,Moth,Onion,Red,Non-FAQ,27-08-2025,1040,1130,1100
Uttar Pradesh,Jhansi,Moth,Tomato,Hybrid,FAQ,27-08-2025,3850,3950,3900
Uttar Pradesh,Kaushambi,Bharwari,Rice,Common,FAQ,27-08-2025,2400,2600,2500
Uttar Pradesh,Khiri (Lakhimpur),Maigalganj,Bottle gourd,Bottle Gourd,FAQ,27-08-2025,1700,1740,1720
Uttar Pradesh,Khiri (Lakhimpur),Maigalganj,Pumpkin,Pumpkin,FAQ,27-08-2025,1400,1450,1425
Uttar Pradesh,Khiri (Lakhimpur),Maigalganj,Ridgeguard(Tori),Ridgeguard(Tori),FAQ,27-08-2025,1800,1850,1825
Uttar Pradesh,Lalitpur,Mehrauni,Wheat,147 Average,Non-FAQ,27-08-2025,2450,2550,2500
Uttar Pradesh,Maharajganj,Anandnagar,Wheat,Dara,FAQ,27-08-2025,2450,2600,2500
Uttar Pradesh,Maharajganj,Nautnava,Banana - Green,Banana - Green,FAQ,27-08-2025,1200,1300,1260
Uttar Pradesh,Maharajganj,Nautnava,Brinjal,Round/Long,FAQ,27-08-2025,1400,1600,1500
Uttar Pradesh,Maharajganj,Nautnava,Ginger(Green),Green Ginger,FAQ,27-08-2025,2000,2200,2100
Uttar Pradesh,Maharajganj,Nautnava,Wheat,Dara,FAQ,27-08-2025,2400,2500,2450
Uttar Pradesh,Mahoba,Mahoba,Banana,Banana - Ripe,Medium,27-08-2025,2200,2300,2250
Uttar Pradesh,Mahoba,Mahoba,Green Chilli,Green Chilly,FAQ,27-08-2025,4350,4450,4400
Uttar Pradesh,Mahoba,Mahoba,Rice,Common,FAQ,27-08-2025,3270,3370,3320
Uttar Pradesh,Mainpuri,Ghiraur,Apple,Delicious,Medium,27-08-2025,7370,7800,7625
Uttar Pradesh,Mainpuri,Ghiraur,Cucumbar(Kheera),Cucumbar,FAQ,27-08-2025,1570,1770,1670
Uttar Pradesh,Mainpuri,Ghiraur,Lemon,Lemon,FAQ,27-08-2025,3300,3500,3400
Uttar Pradesh,Mainpuri,Ghiraur,Onion,Red,FAQ,27-08-2025,1380,1580,1480
Uttar Pradesh,Mainpuri,Ghiraur,Potato,Local,FAQ,27-08-2025,875,1075,975
Uttar Pradesh,Mainpuri,Ghiraur,Tomato,Hybrid,FAQ,27-08-2025,3330,3530,3430
Uttar Pradesh,Mainpuri,Ghiraur,Wheat,Dara,FAQ,27-08-2025,2470,2635,2535
Uttar Pradesh,Mau(Maunathbhanjan),Doharighat,Lemon,Lemon,FAQ,27-08-2025,3700,3800,3745
Uttar Pradesh,Mau(Maunathbhanjan),Doharighat,Potato,Potato,FAQ,27-08-2025,1700,1800,1750
Uttar Pradesh,Mau(Maunathbhanjan),Kopaganj,Brinjal,Brinjal,FAQ,27-08-2025,800,1000,900
Uttar Pradesh,Prayagraj,Allahabad,Apple,Kasmir/Shimla - II,Medium,27-08-2025,8000,8100,8070
Uttar Pradesh,Prayagraj,Allahabad,Potato,Chandermukhi,FAQ,27-08-2025,960,1020,970
Uttar Pradesh,Prayagraj,Sirsa,Green Chilli,Green Chilly,FAQ,27-08-2025,3300,3500,3400
Uttar Pradesh,Prayagraj,Sirsa,Potato,Desi,FAQ,27-08-2025,1100,1300,1200
Uttar Pradesh,Raebarelli,Bachranwa,Onion,Red,FAQ,27-08-2025,1400,1450,1440
Uttar Pradesh,Raebarelli,Bachranwa,Pumpkin,Pumpkin,FAQ,27-08-2025,1500,1525,1510
Uttar Pradesh,Rampur,Shahabad,Wood,Other,FAQ,27-08-2025,500,900,700
Uttar Pradesh,Sambhal,Bhehjoi,Potato,Potato,Non-FAQ,27-08-2025,600,610,605
Uttar Pradesh,Sambhal,Sambhal,Apple,Delicious,Medium,27-08-2025,7000,8000,7500
Uttar Pradesh,Sambhal,Sambhal,Tomato,Deshi,FAQ,27-08-2025,2000,2500,2250
Uttar Pradesh,Sant Kabir Nagar,Khalilabad,Bitter gourd,Bitter Gourd,FAQ,27-08-2025,1500,1600,1550
Uttar Pradesh,Sant Kabir Nagar,Khalilabad,Potato,Desi,FAQ,27-08-2025,1800,2000,1900
Uttar Pradesh,Sant Kabir Nagar,Khalilabad,Tomato,Hybrid,FAQ,27-08-2025,2000,2200,2100
Uttar Pradesh,Shravasti,Payagpur,Garlic,Average,FAQ,27-08-2025,4800,5000,4900
Uttar Pradesh,Shravasti,Payagpur,Ginger(Green),Green Ginger,FAQ,27-08-2025,3000,3200,3100
Uttar Pradesh,Sitapur,Hargaon (Laharpur),Banana,Desi(Bontha),Small,27-08-2025,800,900,850
Uttar Pradesh,Sitapur,Hargaon (Laharpur),Gur(Jaggery),Yellow,FAQ,27-08-2025,3000,3200,3100
Uttrakhand,Dehradoon,Vikasnagar,Bhindi(Ladies Finger),Other,FAQ,27-08-2025,1400,1800,1800
Uttrakhand,Haridwar,Bhagwanpur(Naveen Mandi Sthal),Bottle gourd,Other,FAQ,27-08-2025,500,1000,600
Uttrakhand,Haridwar,Haridwar Union,Bitter gourd,Bitter Gourd,FAQ,27-08-2025,1500,2000,1800
Uttrakhand,Haridwar,Haridwar Union,Lemon,Other,FAQ,27-08-2025,3500,4500,4000
Uttrakhand,Haridwar,Manglaur,Apple,Other,Medium,27-08-2025,2500,4500,4000
Uttrakhand,Haridwar,Manglaur,Cucumbar(Kheera),Other,FAQ,27-08-2025,1200,1500,1400
Uttrakhand,Haridwar,Roorkee,Potato,Other,FAQ,27-08-2025,800,1200,1000
Uttrakhand,UdhamSinghNagar,Kicchha,Bhindi(Ladies Finger),Bhindi,FAQ,27-08-2025,900,1100,1000
Uttrakhand,UdhamSinghNagar,Rudrapur,Banana,Banana - Ripe,Medium,27-08-2025,2000,3000,2500
Uttrakhand,UdhamSinghNagar,Rudrapur,Bhindi(Ladies Finger),Other,FAQ,27-08-2025,1500,2000,1800
Uttrakhand,UdhamSinghNagar,Rudrapur,Garlic,Average,FAQ,27-08-2025,5000,7000,6000
Uttrakhand,UdhamSinghNagar,Rudrapur,Green Chilli,Other,FAQ,27-08-2025,3000,4000,3500
Uttrakhand,UdhamSinghNagar,Sitarganj,Cucumbar(Kheera),Other,FAQ,27-08-2025,1500,2500,2000
West Bengal,Bankura,Bankura Sadar,Paddy(Dhan)(Common),Common,FAQ,27-08-2025,2200,2320,2300
West Bengal,Bankura,Bankura Sadar,Potato,Jyoti,FAQ,27-08-2025,1160,1200,1180
West Bengal,Bankura,Indus(Bankura Sadar),Potato,Jyoti,FAQ,27-08-2025,1160,1200,1180
West Bengal,Dakshin Dinajpur,Balurghat,Green Chilli,Other,FAQ,27-08-2025,6000,7000,6500
West Bengal,Dakshin Dinajpur,Balurghat,Sweet Pumpkin,Other,FAQ,27-08-2025,1800,2400,2000
West Bengal,Jalpaiguri,Jalpaiguri Sadar,Pointed gourd (Parval),Pointed gourd (Parval),FAQ,27-08-2025,4000,4200,4100
West Bengal,Jalpaiguri,Jalpaiguri Sadar,Sweet Pumpkin,Sweet Pumpkin,FAQ,27-08-2025,1400,1600,1500
West Bengal,Jhargram,Jhargram,Fish,Rahu(Andhra),FAQ,27-08-2025,16400,17000,16800
West Bengal,Jhargram,Jhargram,Rice,Fine,FAQ,27-08-2025,4200,4600,4400
West Bengal,Medinipur(W),Ghatal,Cucumbar(Kheera),Cucumbar,FAQ,27-08-2025,2700,2900,2800
West Bengal,Medinipur(W),Ghatal,Green Chilli,Green Chilly,FAQ,27-08-2025,8000,8200,8100
West Bengal,Medinipur(W),Ghatal,Jute,TD-5,FAQ,27-08-2025,6800,7000,6900
Gujarat,Amreli,Damnagar,Ginger(Green),Green Ginger,FAQ,27-08-2025,3850,4550,4200
Gujarat,Chhota Udaipur,Kalediya,Cotton,Shanker 6 (B) 30mm FIne,FAQ,27-08-2025,6800,7035,6920
Gujarat,Gandhinagar,Dehgam,Paddy(Dhan)(Common),Other,FAQ,27-08-2025,1950,2125,2037
Gujarat,Jamnagar,Dhrol,Black Gram (Urd Beans)(Whole),Other,FAQ,27-08-2025,5400,6700,6050
Gujarat,Jamnagar,Dhrol,Cummin Seed(Jeera),Other,FAQ,27-08-2025,14000,17700,15850
Gujarat,Jamnagar,Dhrol,Groundnut,Other,FAQ,27-08-2025,4775,6200,5490
Gujarat,Junagarh,Bhesan,Cotton,Other,FAQ,27-08-2025,5000,8150,7950
Gujarat,Navsari,Navsari,Brinjal,Arkasheela Mattigulla,FAQ,27-08-2025,2500,4000,3250
Gujarat,Navsari,Navsari,Cabbage,Cabbage,FAQ,27-08-2025,1500,2000,1750
Gujarat,Navsari,Navsari,Capsicum,Capsicum,FAQ,27-08-2025,3500,4000,3750
Gujarat,Panchmahals,Morva Hafad,Bajra(Pearl Millet/Cumbu),Other,Non-FAQ,27-08-2025,1500,2000,1750
Gujarat,Rajkot,Dhoraji,Ground Nut Seed,Ground Nut Seed,FAQ,27-08-2025,5805,6555,6555
Gujarat,Rajkot,Rajkot(Veg.Sub Yard),Bhindi(Ladies Finger),Bhindi,FAQ,27-08-2025,1000,2000,1500
Gujarat,Rajkot,Rajkot(Veg.Sub Yard),Ginger(Green),Green Ginger,FAQ,27-08-2025,1500,7000,4250
Gujarat,Rajkot,Rajkot(Veg.Sub Yard),Green Chilli,Green Chilly,FAQ,27-08-2025,500,1500,1000
Gujarat,Vadodara(Baroda),Padra,Bhindi(Ladies Finger),Other,FAQ,27-08-2025,3000,3500,3250
Gujarat,Vadodara(Baroda),Padra,Ridgeguard(Tori),Other,FAQ,27-08-2025,1500,3250,2500
Haryana,Hissar,Barwala(Hisar),Apple,Other,Medium,27-08-2025,7500,9000,8000
Haryana,Hissar,Barwala(Hisar),Banana,Other,Medium,27-08-2025,2000,4000,3500
Haryana,Hissar,Barwala(Hisar),Long Melon(Kakri),Long Melon (Kakri),FAQ,27-08-2025,1000,1200,1100
Haryana,Hissar,Barwala(Hisar),Onion,Other,FAQ,27-08-2025,1800,2000,1900
Haryana,Hissar,Hansi,Guava,Other,Medium,27-08-2025,1500,2500,2000
Haryana,Hissar,Hansi,Peas Wet,Other,FAQ,27-08-2025,15000,16000,15500
Haryana,Hissar,Hansi,Pineapple,Other,Medium,27-08-2025,3000,4000,3500
Haryana,Hissar,Uklana,Tomato,Other,FAQ,27-08-2025,3500,4000,4000
Haryana,Jhajar,Jhajjar,Onion,Other,FAQ,27-08-2025,1700,1900,1800
Haryana,Mahendragarh-Narnaul,Narnaul,Bhindi(Ladies Finger),Bhindi,FAQ,27-08-2025,2000,3000,2500
Haryana,Mahendragarh-Narnaul,Narnaul,Cabbage,Cabbage,FAQ,27-08-2025,1500,2500,2000
Haryana,Mahendragarh-Narnaul,Narnaul,Cauliflower,Cauliflower,FAQ,27-08-2025,2500,3500,3000
Haryana,Mahendragarh-Narnaul,Narnaul,Ginger(Green),Green Ginger,FAQ,27-08-2025,3000,5000,5000
Haryana,Mahendragarh-Narnaul,Narnaul,Onion,Onion,Non-FAQ,27-08-2025,1000,1000,1000
Haryana,Mahendragarh-Narnaul,Narnaul,Raddish,Raddish,FAQ,27-08-2025,2000,2500,2500
Haryana,Mahendragarh-Narnaul,Narnaul,Tomato,Tomato,Non-FAQ,27-08-2025,2500,2500,2500
Haryana,Mewat,Punhana,Potato,Other,FAQ,27-08-2025,1200,1200,1200
Haryana,Mewat,Punhana,Tomato,Other,FAQ,27-08-2025,4000,5000,4500
Haryana,Panchkula,Raipur Rai,Bhindi(Ladies Finger),Other,FAQ,27-08-2025,2000,2400,2000
Haryana,Panchkula,Raipur Rai,Onion,Other,FAQ,27-08-2025,1200,1400,1200
Haryana,Panchkula,Raipur Rai,Tinda,Other,FAQ,27-08-2025,1800,2000,1800
Haryana,Panchkula,Raipur Rai,Tomato,Other,FAQ,27-08-2025,2800,3000,2800
Haryana,Panipat,Panipat,Banana,Other,Medium,27-08-2025,2000,2500,2250
Haryana,Panipat,Panipat,Bottle gourd,Bottle Gourd,FAQ,27-08-2025,700,2000,1350
Haryana,Panipat,Panipat,Chikoos(Sapota),Other,Medium,27-08-2025,3000,4000,3500
Haryana,Panipat,Panipat,Onion,Other,FAQ,27-08-2025,800,1600,1200
Haryana,Panipat,Panipat,Tomato,Other,FAQ,27-08-2025,2000,3000,2500
Haryana,Panipat,Samalkha,Brinjal,Brinjal,FAQ,27-08-2025,1500,1500,1500
Haryana,Panipat,Samalkha,Guava,Guava,Medium,27-08-2025,1500,1500,1500
Haryana,Panipat,Samalkha,Ridgeguard(Tori),Other,FAQ,27-08-2025,1500,1500,1500
Haryana,Rewari,Kosli,Cucumbar(Kheera),Other,FAQ,27-08-2025,2000,2000,2000
Haryana,Rohtak,Sampla,Mousambi(Sweet Lime),Other,Large,27-08-2025,5000,5000,5000
Haryana,Sirsa,kalanwali,Bhindi(Ladies Finger),Other,FAQ,27-08-2025,2000,2000,2000
Haryana,Sonipat,Ganaur,Bitter gourd,Bitter Gourd,FAQ,27-08-2025,2800,3000,2800
Haryana,Sonipat,Ganaur,Bottle gourd,Bottle Gourd,FAQ,27-08-2025,1800,2000,1800
Haryana,Sonipat,Ganaur,Carrot,Carrot,FAQ,27-08-2025,3000,3500,3200
Haryana,Sonipat,Ganaur,Spinach,Spinach,FAQ,27-08-2025,1800,2000,1800
Haryana,Sonipat,Ganaur,Yam (Ratalu),Yam (Ratalu),FAQ,27-08-2025,2400,2500,2400
Haryana,Sonipat,Gohana,Apple,Apple,Large,27-08-2025,5000,7000,6000
Haryana,Sonipat,Gohana,Bhindi(Ladies Finger),Other,FAQ,27-08-2025,1800,2500,2000
Haryana,Yamuna Nagar,Chhachrauli,Bottle gourd,Bottle Gourd,FAQ,27-08-2025,1800,2000,1800
Haryana,Yamuna Nagar,Chhachrauli,Brinjal,Brinjal,FAQ,27-08-2025,1800,1800,1800
Haryana,Yamuna Nagar,Chhachrauli,Colacasia,Other,FAQ,27-08-2025,1600,2000,1600
Haryana,Yamuna Nagar,Chhachrauli,Potato,Potato,FAQ,27-08-2025,1000,1100,1000
Haryana,Yamuna Nagar,Radaur,Bhindi(Ladies Finger),Other,FAQ,27-08-2025,1500,2000,1800
Haryana,Yamuna Nagar,Radaur,Brinjal,Other,FAQ,27-08-2025,900,1100,1000
Haryana,Yamuna Nagar,Radaur,Cauliflower,Other,FAQ,27-08-2025,3500,5500,4500
Haryana,Yamuna Nagar,Radaur,Green Chilli,Other,FAQ,27-08-2025,3000,4000,3500
Haryana,Yamuna Nagar,Radaur,Lemon,Other,FAQ,27-08-2025,4000,5000,4500
Haryana,Yamuna Nagar,Radaur,Potato,Other,FAQ,27-08-2025,1000,1200,1100
Haryana,Yamuna Nagar,Radaur,Pumpkin,Other,FAQ,27-08-2025,700,900,800
Haryana,Yamuna Nagar,Radaur,Tomato,Other,FAQ,27-08-2025,4000,5000,4500
Haryana,Yamuna Nagar,Sadhaura,Banana,Banana - Ripe,Large,27-08-2025,2200,2500,2300
Haryana,Yamuna Nagar,Sadhaura,Onion,Onion,FAQ,27-08-2025,1000,2100,2000
Himachal Pradesh,Hamirpur,Hamirpur,Apple,Golden,Medium,27-08-2025,4000,6000,5000
Himachal Pradesh,Hamirpur,Hamirpur,Apple,Royal Delicious,Medium,27-08-2025,10000,13000,11500
Himachal Pradesh,Hamirpur,Hamirpur,Bitter gourd,Other,FAQ,27-08-2025,4000,5000,4500
Himachal Pradesh,Hamirpur,Hamirpur,Cabbage,Other,FAQ,27-08-2025,3000,3200,3100
Himachal Pradesh,Hamirpur,Hamirpur,Garlic,Garlic,FAQ,27-08-2025,11000,13000,12000
Himachal Pradesh,Hamirpur,Hamirpur,Mousambi(Sweet Lime),Other,Medium,27-08-2025,5000,5500,5200
Himachal Pradesh,Hamirpur,Hamirpur,Onion,Other,FAQ,27-08-2025,2200,2600,2400
Himachal Pradesh,Hamirpur,Hamirpur,Peas Wet,Other,FAQ,27-08-2025,12000,14000,13000
Himachal Pradesh,Hamirpur,Hamirpur,Sponge gourd,Other,FAQ,27-08-2025,4000,4000,4000
Himachal Pradesh,Hamirpur,Hamirpur(Nadaun),Apple,Delicious,Medium,27-08-2025,10000,13000,11500
Himachal Pradesh,Hamirpur,Hamirpur(Nadaun),Brinjal,Other,FAQ,27-08-2025,4000,4500,4200
Himachal Pradesh,Hamirpur,Hamirpur(Nadaun),Cucumbar(Kheera),Other,FAQ,27-08-2025,4000,4500,4200
Himachal Pradesh,Hamirpur,Hamirpur(Nadaun),Sponge gourd,Other,FAQ,27-08-2025,4000,4000,4000
Himachal Pradesh,Hamirpur,Hamirpur(Nadaun),Squash(Chappal Kadoo),Other,FAQ,27-08-2025,2500,3000,2700
Himachal Pradesh,Kangra,Dharamshala,Carrot,Other,FAQ,27-08-2025,3000,3500,3250
Himachal Pradesh,Kangra,Dharamshala,French Beans (Frasbean),Other,FAQ,27-08-2025,13000,13500,13250
Himachal Pradesh,Kangra,Dharamshala,Papaya,Other,Medium,27-08-2025,3500,4000,3750
Himachal Pradesh,Kangra,Dharamshala,Potato,Other,FAQ,27-08-2025,1500,2200,1800
Himachal Pradesh,Kangra,Kangra,Guava,Other,Medium,27-08-2025,5000,6000,5500
Himachal Pradesh,Kangra,Kangra,Papaya,Other,Medium,27-08-2025,3000,3500,3200
Himachal Pradesh,Kangra,Kangra,Spinach,Other,FAQ,27-08-2025,4000,5000,4500
Himachal Pradesh,Kangra,Kangra(Baijnath),Mousambi(Sweet Lime),Mousambi,Medium,27-08-2025,8200,8200,8200
Himachal Pradesh,Kangra,Kangra(Baijnath),Onion,Onion,FAQ,27-08-2025,2400,2500,2500
Himachal Pradesh,Kangra,Kangra(Baijnath),Papaya,Other,Medium,27-08-2025,3500,4000,3800
Himachal Pradesh,Kangra,Kangra(Baijnath),Pineapple,Other,Medium,27-08-2025,4000,5000,4500
Himachal Pradesh,Kangra,Kangra(Baijnath),Pomegranate,Other,Medium,27-08-2025,8500,15000,10000
Himachal Pradesh,Kangra,Kangra(Baijnath),Pumpkin,Other,FAQ,27-08-2025,2000,2200,2100
Himachal Pradesh,Kangra,Kangra(Baijnath),Sponge gourd,Other,FAQ,27-08-2025,5500,5600,5600
Himachal Pradesh,Kangra,Kangra(Jaisinghpur),Banana,Banana - Ripe,Medium,27-08-2025,4500,5200,5100
Himachal Pradesh,Kangra,Kangra(Jaisinghpur),Bitter gourd,Bitter Gourd,FAQ,27-08-2025,4000,4200,4100
Himachal Pradesh,Kangra,Kangra(Jaisinghpur),Cucumbar(Kheera),Cucumbar,FAQ,27-08-2025,3000,3500,3350
Himachal Pradesh,Kangra,Palampur,Bottle gourd,Bottle Gourd,FAQ,27-08-2025,3000,3500,3300
Himachal Pradesh,Kangra,Palampur,Guava,Other,Medium,27-08-2025,6000,7000,6500
Himachal Pradesh,Kangra,Palampur,Sponge gourd,Other,FAQ,27-08-2025,3500,4000,3800
Himachal Pradesh,Sirmore,Paonta Sahib,Apple,Other,Large,27-08-2025,2000,12000,7000
Himachal Pradesh,Sirmore,Paonta Sahib,Capsicum,Other,FAQ,27-08-2025,6000,8000,7000
Himachal Pradesh,Sirmore,Paonta Sahib,Cauliflower,Other,FAQ,27-08-2025,4500,5000,4800
Himachal Pradesh,Sirmore,Paonta Sahib,Green Chilli,Other,FAQ,27-08-2025,4000,5000,4500
Himachal Pradesh,Sirmore,Paonta Sahib,Pomegranate,Other,Large,27-08-2025,8000,16000,12000
Himachal Pradesh,Sirmore,Paonta Sahib,Potato,Other,FAQ,27-08-2025,1000,2000,1500
Himachal Pradesh,Solan,Dharampur,Cucumbar(Kheera),Other,FAQ,27-08-2025,1000,1500,1500
Himachal Pradesh,Solan,Solan,Carrot,Other,FAQ,27-08-2025,2000,2200,2100
Himachal Pradesh,Solan,Solan,Lemon,Other,FAQ,27-08-2025,5000,6000,5500
Himachal Pradesh,Solan,Solan,Papaya,Other,Medium,27-08-2025,3000,3500,3200
Himachal Pradesh,Solan,Solan,Pumpkin,Other,FAQ,27-08-2025,1200,1500,1300
Himachal Pradesh,Solan,Solan,Sponge gourd,Other,FAQ,27-08-2025,3000,3200,3100
Kerala,Alappuzha,Chengannur,Amphophalus,Other,FAQ,27-08-2025,5000,5300,5200
Kerala,Alappuzha,Chengannur,Brinjal,Brinjal,FAQ,27-08-2025,3700,4000,3800
Kerala,Alappuzha,Chengannur,Cabbage,Other,FAQ,27-08-2025,3600,3900,3800
Kerala,Alappuzha,Chengannur,Carrot,Other,FAQ,27-08-2025,6500,7000,6800
Kerala,Alappuzha,Chengannur,Cowpea(Veg),Cowpea (Veg),FAQ,27-08-2025,4400,4800,4500
Kerala,Alappuzha,Cherthala,Cauliflower,Cauliflower,FAQ,27-08-2025,4500,4700,4600
Kerala,Alappuzha,Cherthala,Cucumbar(Kheera),Cucumbar,FAQ,27-08-2025,3200,3500,3400
Kerala,Alappuzha,Harippad,Amphophalus,Other,FAQ,27-08-2025,5000,5500,5000
Kerala,Alappuzha,Harippad,Ashgourd,Other,FAQ,27-08-2025,3000,3500,3000
Kerala,Alappuzha,Harippad,Banana,Nendra Bale,Medium,27-08-2025,5000,5500,5000
Kerala,Alappuzha,Harippad,Banana - Green,Other,FAQ,27-08-2025,5000,5500,5000
Kerala,Alappuzha,Harippad,Beetroot,Other,FAQ,27-08-2025,4000,4500,4000
Kerala,Alappuzha,Harippad,Cabbage,Other,FAQ,27-08-2025,4000,4500,4000
Kerala,Alappuzha,Harippad,Ginger(Green),Other,FAQ,27-08-2025,5000,5500,5000
Kerala,Ernakulam,Malayattoor  VFPCK,Banana,Poovan,Large,27-08-2025,0,0,6600
Kerala,Ernakulam,Malayattoor  VFPCK,Banana,Robusta,Large,27-08-2025,0,0,2500
Kerala,Ernakulam,North Paravur,Coconut,Big,FAQ,27-08-2025,7000,8000,7500
Kerala,Ernakulam,North Paravur,Cucumbar(Kheera),Cucumbar,FAQ,27-08-2025,3800,4500,4000
Kerala,Ernakulam,North Paravur,Lemon,Lemon,FAQ,27-08-2025,8000,9000,8500
Kerala,Ernakulam,North Paravur,Pineapple,Other,Medium,27-08-2025,5500,6000,5800
Kerala,Ernakulam,North Paravur,Ridgeguard(Tori),Other,FAQ,27-08-2025,6000,7000,6500
Kerala,Ernakulam,North Paravur,Tapioca,Other,FAQ,27-08-2025,3000,4000,3500
Kerala,Ernakulam,North Paravur,Tomato,Deshi,FAQ,27-08-2025,4500,5000,4800
Kerala,Ernakulam,Thrippunithura,Amphophalus,Amphophalus,FAQ,27-08-2025,5500,8000,5700
Kerala,Ernakulam,Thrippunithura,Banana,Palayamthodan,Medium,27-08-2025,3200,5000,3400
Kerala,Ernakulam,Thrippunithura,Brinjal,Brinjal,FAQ,27-08-2025,6500,8000,6700
Kerala,Ernakulam,Thrippunithura,Drumstick,Drumstick,FAQ,27-08-2025,5000,6000,5200
Kerala,Ernakulam,Thrippunithura,Indian Beans (Seam),Other,FAQ,27-08-2025,8500,9500,8700
Kerala,Ernakulam,Thrippunithura,Lemon,Other,FAQ,27-08-2025,10000,12000,10500
Kerala,Ernakulam,Thrippunithura,Snakeguard,Snakeguard,FAQ,27-08-2025,5500,6500,5700
Kerala,Kannur,Payyannur,Black pepper,Other,FAQ,27-08-2025,64000,66000,65000
Kerala,Kannur,Payyannur,Tapioca,Other,FAQ,27-08-2025,4000,4200,4100
Kerala,Kannur,Taliparamba,Banana,Other,Small,27-08-2025,8300,8500,8400
Kerala,Kottayam,Ettumanoor,Bitter gourd,Other,FAQ,27-08-2025,5400,5800,5600
Kerala,Kottayam,Ettumanoor,Ginger(Green),Green Ginger,FAQ,27-08-2025,7200,7600,7400
Kerala,Kottayam,Ettumanoor,Tapioca,Tapioca,FAQ,27-08-2025,2400,2600,2500
Kerala,Kottayam,Kuruppanthura,Banana,Palayamthodan,Large,27-08-2025,3000,4000,3500
Kerala,Kottayam,Kuruppanthura,Pineapple,Pine Apple,Large,27-08-2025,4000,4000,4000
Kerala,Kottayam,Kuruppanthura,Tapioca,Tapioca,FAQ,27-08-2025,3000,4000,3000
Kerala,Kottayam,Pampady,Banana - Green,Banana - Green,FAQ,27-08-2025,6000,7000,6500
Kerala,Kottayam,Pampady,Bhindi(Ladies Finger),Bhindi,FAQ,27-08-2025,5000,6500,6000
Kerala,Kottayam,Pampady,Bitter gourd,Bitter Gourd,FAQ,27-08-2025,6000,7500,7000
Kerala,Kottayam,Pampady,Ginger(Green),Green Ginger,FAQ,27-08-2025,4000,5500,5000
Kerala,Kottayam,Pampady,Tapioca,Tapioca,FAQ,27-08-2025,2500,3500,3000
Kerala,Kozhikode(Calicut),Kallachi,Banana,Palayamthodan,Medium,27-08-2025,3600,4000,3800
Kerala,Kozhikode(Calicut),Kallachi,Drumstick,Drumstick,FAQ,27-08-2025,3800,4200,4000
Kerala,Kozhikode(Calicut),Mukkom,Ashgourd,Other,FAQ,27-08-2025,2600,3000,2800
Kerala,Kozhikode(Calicut),Mukkom,Bitter gourd,Bitter Gourd,FAQ,27-08-2025,6000,6500,6200
Kerala,Kozhikode(Calicut),Mukkom,Cucumbar(Kheera),Cucumbar,FAQ,27-08-2025,3400,3600,3500
Kerala,Kozhikode(Calicut),Mukkom,Potato,Other,FAQ,27-08-2025,2400,2800,2600
Kerala,Kozhikode(Calicut),Palayam,Cabbage,Other,FAQ,27-08-2025,1300,1300,1300
Kerala,Kozhikode(Calicut),Palayam,Carrot,Other,FAQ,27-08-2025,5700,5700,5700
Kerala,Kozhikode(Calicut),Palayam,Coconut Seed,Other,FAQ,27-08-2025,6500,6500,6500
Kerala,Kozhikode(Calicut),Palayam,Ginger(Green),Other,FAQ,27-08-2025,5000,5000,5000
Kerala,Kozhikode(Calicut),Palayam,Pumpkin,Other,FAQ,27-08-2025,2500,2500,2500
Kerala,Kozhikode(Calicut),Palayam,Snakeguard,Other,FAQ,27-08-2025,3300,3300,3300
Kerala,Kozhikode(Calicut),Perambra,Ashgourd,Other,FAQ,27-08-2025,3000,3500,3200
Kerala,Kozhikode(Calicut),Perambra,Bitter gourd,Other,FAQ,27-08-2025,4500,5500,4600
Kerala,Kozhikode(Calicut),Perambra,Carrot,Other,FAQ,27-08-2025,6500,7500,7000
Kerala,Kozhikode(Calicut),Perambra,Onion,Other,FAQ,27-08-2025,2300,2500,2400
Kerala,Kozhikode(Calicut),Perambra,Potato,Other,FAQ,27-08-2025,2600,2700,2600
Kerala,Kozhikode(Calicut),Quilandy,Beetroot,Other,FAQ,27-08-2025,2800,3000,3000
Kerala,Kozhikode(Calicut),Quilandy,Cabbage,Other,FAQ,27-08-2025,2000,2200,2200
Kerala,Kozhikode(Calicut),Quilandy,Coriander(Leaves),Other,FAQ,27-08-2025,6400,6500,6500
Kerala,Kozhikode(Calicut),Quilandy,Pumpkin,Other,FAQ,27-08-2025,3000,3300,3200
Kerala,Kozhikode(Calicut),Thamarassery,Banana - Green,Banana - Green,FAQ,27-08-2025,3900,4500,4000
Kerala,Kozhikode(Calicut),Thamarassery,Bitter gourd,Other,FAQ,27-08-2025,3800,4900,4400
Kerala,Kozhikode(Calicut),Thamarassery,Brinjal,Other,FAQ,27-08-2025,2800,3500,3300
Kerala,Kozhikode(Calicut),Thamarassery,Drumstick,Other,FAQ,27-08-2025,2800,4200,3400
Kerala,Kozhikode(Calicut),Vengeri(Kozhikode),Bottle gourd,Bottle Gourd,FAQ,27-08-2025,3000,3300,3300
Kerala,Kozhikode(Calicut),Vengeri(Kozhikode),Carrot,Carrot,FAQ,27-08-2025,5700,6000,6000
Kerala,Kozhikode(Calicut),Vengeri(Kozhikode),Cucumbar(Kheera),Cucumbar,FAQ,27-08-2025,1600,1900,1900
Kerala,Palakad,Koduvayoor,Beetroot,Other,FAQ,27-08-2025,2000,2400,2200
Kerala,Palakad,Koduvayoor,Drumstick,Other,FAQ,27-08-2025,2800,3200,3000
Kerala,Palakad,Koduvayoor,Elephant Yam (Suran),Other,FAQ,27-08-2025,3600,4000,3800
Kerala,Palakad,Pattambi,Green Chilli,Green Chilly,FAQ,27-08-2025,7000,8000,7500
Kerala,Pathanamthitta,Kuttoor,Banana,Other,Large,27-08-2025,4100,4500,4300
Kerala,Pathanamthitta,Kuttoor,Bhindi(Ladies Finger),Bhindi,FAQ,27-08-2025,5600,6000,5800
Kerala,Pathanamthitta,Kuttoor,Elephant Yam (Suran),Other,FAQ,27-08-2025,8600,9000,8800
Kerala,Pathanamthitta,Kuttoor,Ginger(Green),Green Ginger,FAQ,27-08-2025,16100,16500,16300
Kerala,Pathanamthitta,Ranniangadi,Bhindi(Ladies Finger),Bhindi,FAQ,27-08-2025,4000,4200,4000
Kerala,Thirssur,Amballur  VFPCK,Banana,Nendra Bale,Medium,27-08-2025,4500,6000,5600
Kerala,Thirssur,Marottichal  VFPCK,Banana,Palayamthodan,Medium,27-08-2025,1500,2800,2267
Kerala,Thiruvananthapuram,Chala,Apple,Other,Medium,27-08-2025,12000,12000,12000
Kerala,Thiruvananthapuram,Chala,Bitter gourd,Other,FAQ,27-08-2025,3800,4000,3800
Kerala,Thiruvananthapuram,Chala,Brinjal,Round/Long,FAQ,27-08-2025,6600,6700,6600
Kerala,Thiruvananthapuram,Chala,Cucumbar(Kheera),Other,FAQ,27-08-2025,2500,2500,2500
Kerala,Thiruvananthapuram,Chala,Elephant Yam (Suran),Other,FAQ,27-08-2025,4500,4700,4500
Kerala,Thiruvananthapuram,Chala,Grapes,Other,Medium,27-08-2025,10000,10000,10000
Kerala,Thiruvananthapuram,Chala,Mango (Raw-Ripe),Other,FAQ,27-08-2025,14000,14200,14000
Kerala,Thiruvananthapuram,Chala,Potato,Other,FAQ,27-08-2025,3400,3500,3400
Kerala,Thiruvananthapuram,Chala,Tomato,Other,FAQ,27-08-2025,5500,5500,5500
Kerala,Thiruvananthapuram,Neyyatinkara,Amaranthus,Amaranthus,FAQ,27-08-2025,3400,4000,3700
Kerala,Thiruvananthapuram,Neyyatinkara,Banana - Green,Banana - Green,FAQ,27-08-2025,6000,6500,6200
Kerala,Thiruvananthapuram,Neyyatinkara,Duster Beans,Other,FAQ,27-08-2025,5400,6000,5600
Kerala,Thiruvananthapuram,Neyyatinkara,Tomato,Tomato,FAQ,27-08-2025,5400,6000,5700
Kerala,Thiruvananthapuram,Parassala,Banana,Nendra Bale,Medium,27-08-2025,6000,6500,6000
Kerala,Thiruvananthapuram,Parassala,Banana,Red Banana,Medium,27-08-2025,6500,7000,6500
Kerala,Thiruvananthapuram,Parassala,Cucumbar(Kheera),Cucumbar,FAQ,27-08-2025,4500,5000,4500
Kerala,Thiruvananthapuram,Parassala,Tomato,Tomato,FAQ,27-08-2025,4800,5000,4800
Kerala,Wayanad,Manathavady,Banana,Other,Large,27-08-2025,2900,2900,2900
Kerala,Wayanad,Manathavady,Black pepper,Ungrabled,FAQ,27-08-2025,68000,68000,68000
Kerala,Wayanad,Manathavady,Coffee,Other,FAQ,27-08-2025,24500,24500,24500
Kerala,Wayanad,Manathavady,Cucumbar(Kheera),Cucumbar,FAQ,27-08-2025,1500,1600,1600
Kerala,Wayanad,Manathavady,Ginger(Green),Green Ginger,FAQ,27-08-2025,4100,4150,4150
Kerala,Wayanad,Manathavady,Green Chilli,Green Chilly,FAQ,27-08-2025,3700,3800,3800
Kerala,Wayanad,Manathavady,Pumpkin,Pumpkin,FAQ,27-08-2025,900,1000,1000
Kerala,Wayanad,Pulpally,Banana,Other,Medium,27-08-2025,3200,3400,3300
Kerala,Wayanad,Pulpally,Bitter gourd,Other,FAQ,27-08-2025,3300,3500,3400
Kerala,Wayanad,Pulpally,Green Chilli,Other,FAQ,27-08-2025,3300,3500,3400
Kerala,Wayanad,Pulpally,Pepper ungarbled,Other,FAQ,27-08-2025,64500,64700,64600
Madhya Pradesh,Alirajpur,Alirajpur,Wheat,Wheat,FAQ,27-08-2025,2450,2450,2450
Madhya Pradesh,Badwani,Anjad,Maize,Local,FAQ,27-08-2025,1850,1850,1850
Madhya Pradesh,Bhind,Gohad,Wheat,Mill Quality,FAQ,27-08-2025,2665,2680,2675
Madhya Pradesh,Bhind,Gohad,Wheat,Wheat,FAQ,27-08-2025,2665,2665,2665
Madhya Pradesh,Bhopal,Bhopal,Onion,Onion,FAQ,27-08-2025,750,1300,1200
Madhya Pradesh,Chhatarpur,Bakswaha,Wheat,Mill Quality,Non-FAQ,27-08-2025,2390,2410,2400
Madhya Pradesh,Chhindwara,Chaurai,Wheat,Mill Quality,FAQ,27-08-2025,2650,2650,2650
Madhya Pradesh,Datia,Datia,Wheat,Mill Quality,FAQ,27-08-2025,2610,2610,2610
Madhya Pradesh,Datia,Datia,Wheat,Wheat,Non-FAQ,27-08-2025,2600,2615,2615
Madhya Pradesh,Dhar,Dhamnod,Kabuli Chana(Chickpeas-White),Dollar Gram,FAQ,27-08-2025,9400,9655,9655
Madhya Pradesh,Dhar,Kukshi,Wheat,Mill Quality,FAQ,27-08-2025,2500,2500,2500
Madhya Pradesh,Dhar,Kukshi,Wheat,Wheat,FAQ,27-08-2025,2455,2700,2700
Madhya Pradesh,Dhar,Manawar,Kabuli Chana(Chickpeas-White),Dollar Gram,FAQ,27-08-2025,9400,9500,9400
Madhya Pradesh,Dhar,Manawar,Soyabean,Soyabeen,Non-FAQ,27-08-2025,4200,4200,4200
Madhya Pradesh,Gwalior,Lashkar,Mustard,Mustard,FAQ,27-08-2025,6570,6965,6965
Madhya Pradesh,Indore,Indore,Garlic,Garlic,FAQ,27-08-2025,2305,2810,2810
Madhya Pradesh,Indore,Indore,Onion,Onion,FAQ,27-08-2025,482,482,482
Madhya Pradesh,Indore,Sanwer,Wheat,Wheat,FAQ,27-08-2025,2650,2681,2681
Madhya Pradesh,Morena,Morena,Potato,Potato,Non-FAQ,27-08-2025,300,1000,1000
Madhya Pradesh,Narsinghpur,Narsinghpur,Gur(Jaggery),Jaggery,FAQ,27-08-2025,3600,3600,3600
Madhya Pradesh,Sagar,Garhakota,Wheat,Wheat,FAQ,27-08-2025,2590,2590,2590
Madhya Pradesh,Sagar,Shahagarh,Wheat,Mill Quality,Non-FAQ,27-08-2025,2529,2542,2542
Madhya Pradesh,Seoni,Seoni,Wheat,Mill Quality,FAQ,27-08-2025,2500,2525,2525
Madhya Pradesh,Seoni,Seoni,Wheat,Wheat,Non-FAQ,27-08-2025,2350,2400,2400
Madhya Pradesh,Shajapur,Nalkehda,Wheat,Wheat,FAQ,27-08-2025,2311,2311,2311
Madhya Pradesh,Tikamgarh,Prithvipur,Wheat,Mill Quality,Non-FAQ,27-08-2025,2520,2525,2525
Maharashtra,Ahmednagar,Shrirampur,Bhindi(Ladies Finger),Other,Local,27-08-2025,1500,2000,1750
Maharashtra,Ahmednagar,Shrirampur,Bitter gourd,Other,Local,27-08-2025,2500,3000,2750
Maharashtra,Ahmednagar,Shrirampur,Bottle gourd,Other,Local,27-08-2025,700,1000,850
Maharashtra,Ahmednagar,Shrirampur,Garlic,Other,Local,27-08-2025,4000,6000,5000
Maharashtra,Ahmednagar,Shrirampur,Guava,Other,Local,27-08-2025,1500,2000,1750
Maharashtra,Ahmednagar,Shrirampur,Methi(Leaves),Other,Local,27-08-2025,10,15,12
Maharashtra,Ahmednagar,Shrirampur,Pomegranate,Other,Local,27-08-2025,2500,3500,3000
Maharashtra,Pune,Pune(Pimpri),Brinjal,Other,Local,27-08-2025,3000,3500,3250
Maharashtra,Raigad,Murud,Rice,Other,Local,27-08-2025,2500,2700,2600
Nagaland,Dimapur,Dimapur,Bitter gourd,Other,FAQ,27-08-2025,4500,5500,5000
Nagaland,Dimapur,Nuiland,Leafy Vegetable,Leafy Vegetables,FAQ,27-08-2025,4000,4300,4200
Nagaland,Kohima,Kohima,Beans,Beans (Whole),FAQ,27-08-2025,10000,10200,10100
Nagaland,Mokokchung,Mangkolemba,Banana - Green,Other,FAQ,27-08-2025,3500,4500,4000
Nagaland,Mokokchung,Mangkolemba,Bitter gourd,Other,FAQ,27-08-2025,3500,4500,4000
Nagaland,Mokokchung,Mangkolemba,Chow Chow,Other,FAQ,27-08-2025,2500,3500,3000
Nagaland,Wokha,Baghty,Pineapple,Other,Medium,27-08-2025,3400,5000,4000
Nagaland,Wokha,Wokha Town,Banana,Other,Medium,27-08-2025,3600,5000,4400
Nagaland,Wokha,Wokha Town,Cucumbar(Kheera),Other,FAQ,27-08-2025,2800,4000,3500
Odisha,Balasore,Nilagiri,Bhindi(Ladies Finger),Other,FAQ,27-08-2025,3800,4000,3900
Odisha,Boudh,Boudh,Bhindi(Ladies Finger),Other,FAQ,27-08-2025,4800,5500,5000
Odisha,Boudh,Boudh,Tomato,Other,Non-FAQ,27-08-2025,3000,3800,3500
Odisha,Boudh,Khunthabandha,Bhindi(Ladies Finger),Other,FAQ,27-08-2025,3200,3800,3500
Odisha,Boudh,Khunthabandha,Cabbage,Other,FAQ,27-08-2025,2500,3200,3000
Odisha,Boudh,Khunthabandha,Cauliflower,Other,FAQ,27-08-2025,4200,4800,4500
Odisha,Boudh,Khunthabandha,Onion,Other,Non-FAQ,27-08-2025,1500,2400,2000
Odisha,Boudh,Khunthabandha,Potato,Other,FAQ,27-08-2025,1800,2250,2000
Odisha,Boudh,Khunthabandha,Pumpkin,Other,FAQ,27-08-2025,800,1200,1000
Odisha,Dhenkanal,Hindol,Snakeguard,Other,FAQ,27-08-2025,3800,4200,4000
Odisha,Jharsuguda,Jharsuguda,Onion,Other,Non-FAQ,27-08-2025,2500,3000,2500
Punjab,Amritsar,Rayya,Bhindi(Ladies Finger),Bhindi,FAQ,27-08-2025,3500,3500,3500
Punjab,Amritsar,Rayya,Raddish,Other,FAQ,27-08-2025,2000,2000,2000
Punjab,Amritsar,Rayya,Tomato,Hybrid,FAQ,27-08-2025,4800,4800,4800
Punjab,Fazilka,Fazilka,Cucumbar(Kheera),Cucumbar,FAQ,27-08-2025,3000,5000,4000
Punjab,Fazilka,Fazilka,Onion,Other,FAQ,27-08-2025,1500,2500,2000
Punjab,Fazilka,Fazilka,Pumpkin,Other,FAQ,27-08-2025,500,1500,1000
Punjab,Fazilka,Fazilka,Tomato,Other,FAQ,27-08-2025,5000,7000,6000
Punjab,Ferozpur,Zira,Duster Beans,Other,FAQ,27-08-2025,4000,4500,4300
Punjab,Ferozpur,Zira,Ginger(Green),Green Ginger,FAQ,27-08-2025,6000,7000,6500
Punjab,Ferozpur,Zira,Pumpkin,Pumpkin,FAQ,27-08-2025,3300,4000,3700
Punjab,Hoshiarpur,Garh Shankar,Bhindi(Ladies Finger),Bhindi,FAQ,27-08-2025,3000,3500,3200
Punjab,Hoshiarpur,Garh Shankar,Capsicum,Capsicum,FAQ,27-08-2025,3800,4000,4000
Punjab,Hoshiarpur,Garh Shankar,Green Chilli,Green Chilly,FAQ,27-08-2025,4000,4500,4200
Punjab,Hoshiarpur,GarhShankar (Kotfatuhi),Banana,Other,Large,27-08-2025,3200,3500,3300
Punjab,Hoshiarpur,Tanda Urmur,Cucumbar(Kheera),Other,FAQ,27-08-2025,4000,5000,4500
Punjab,Hoshiarpur,Tanda Urmur,Field Pea,Other,FAQ,27-08-2025,10000,12000,11000
Punjab,Jalandhar,Bilga,Bhindi(Ladies Finger),Other,FAQ,27-08-2025,2800,3000,2900
Punjab,Jalandhar,Bilga,Bitter gourd,Other,FAQ,27-08-2025,3300,3500,3400
Punjab,Jalandhar,Bilga,Bottle gourd,Bottle Gourd,FAQ,27-08-2025,1800,2000,1900
Punjab,Jalandhar,Bilga,Potato,Other,FAQ,27-08-2025,800,1000,900
Punjab,Ludhiana,Khanna,Onion,Other,FAQ,27-08-2025,1200,1700,1500
Punjab,Ludhiana,Ludhiana,Bitter gourd,Other,FAQ,27-08-2025,1200,2300,1800
Punjab,Ludhiana,Ludhiana,Mousambi(Sweet Lime),Other,Medium,27-08-2025,2000,3000,2700
Punjab,Moga,Kot ise Khan,Pumpkin,Other,FAQ,27-08-2025,600,800,700
Punjab,Moga,Kot ise Khan,Ridgeguard(Tori),Other,FAQ,27-08-2025,1000,1200,1100
Punjab,Mohali,Kurali,Bhindi(Ladies Finger),Other,FAQ,27-08-2025,2300,2500,2400
Punjab,Mohali,Kurali,Bottle gourd,Other,FAQ,27-08-2025,1500,1890,1700
Punjab,Mohali,Kurali,Green Chilli,Other,FAQ,27-08-2025,3000,3500,3250
Punjab,Mohali,Kurali,Mousambi(Sweet Lime),Mousambi,Medium,27-08-2025,2800,3450,3000
Punjab,Mohali,Kurali,Onion,Other,FAQ,27-08-2025,1900,2000,1940
Punjab,Mohali,Kurali,Pomegranate,Other,Medium,27-08-2025,8000,10000,9000
Punjab,Mohali,Kurali,Pumpkin,Other,FAQ,27-08-2025,800,1000,900
Punjab,Ropar (Rupnagar),Chamkaur Sahib,Onion,Other,FAQ,27-08-2025,1900,2000,1950
Punjab,Ropar (Rupnagar),Chamkaur Sahib,Papaya,Other,Medium,27-08-2025,3700,3800,3750
Punjab,Sangrur,Ahmedgarh,Bhindi(Ladies Finger),Other,FAQ,27-08-2025,3000,3500,3500
Punjab,Sangrur,Ahmedgarh,Tomato,Other,FAQ,27-08-2025,4000,4200,4200
Punjab,Tarntaran,Bhikhiwind,Bhindi(Ladies Finger),Other,FAQ,27-08-2025,2400,2400,2400
Punjab,Tarntaran,Naushera Pannuan,Green Chilli,Other,FAQ,27-08-2025,3000,3000,3000
Punjab,Tarntaran,Patti,Green Chilli,Other,FAQ,27-08-2025,2000,2500,2200
Punjab,Tarntaran,Patti,Tomato,Other,FAQ,27-08-2025,3000,4000,3500
Punjab,Tarntaran,Tarantaran,Cauliflower,Other,FAQ,27-08-2025,3000,3500,3200
Punjab,Tarntaran,Tarantaran,Onion,Other,FAQ,27-08-2025,1300,1500,1400
Punjab,Tarntaran,Tarantaran,Potato,Other,FAQ,27-08-2025,700,900,800
Rajasthan, Jhunjhunu,Nawalgarh,Onion,1st Sort,FAQ,27-08-2025,800,1000,900
Rajasthan,Beawar,Beawar,Barley (Jau),Other,FAQ,27-08-2025,2350,2400,2375
Rajasthan,Ganganagar,Sriganganagar (F&V),Bhindi(Ladies Finger),Other,FAQ,27-08-2025,2100,2500,2300
Rajasthan,Ganganagar,Sriganganagar (F&V),Bitter gourd,Other,FAQ,27-08-2025,2500,2900,2700
Rajasthan,Ganganagar,Sriganganagar (F&V),Cabbage,Other,FAQ,27-08-2025,1000,1400,1200
Rajasthan,Ganganagar,Sriganganagar (F&V),Guava,Guava,Medium,27-08-2025,2100,2500,2300
Rajasthan,Ganganagar,Sriganganagar (F&V),Pomegranate,Other,Medium,27-08-2025,11800,12200,12000
Rajasthan,Hanumangarh,Rawatsar,Onion,1st Sort,FAQ,27-08-2025,1600,1600,1600
Rajasthan,Hanumangarh,Rawatsar,Tomato,Deshi,FAQ,27-08-2025,3800,3800,3800
Rajasthan,Jaipur Rural,Bassi,Wheat,Other,Non-FAQ,27-08-2025,2536,2544,2540
Rajasthan,Jodhpur,Jodhpur (F&V),Coconut,Coconut,FAQ,27-08-2025,150,350,250
Rajasthan,Jodhpur,Jodhpur (F&V),Guava,Other,Medium,27-08-2025,1000,2000,1500
Rajasthan,Jodhpur,Jodhpur (F&V),Pineapple,Other,Medium,27-08-2025,1000,2500,1700
Tripura,Gomati,Nutanbazar,Colacasia,Colacasia,FAQ,27-08-2025,5850,6000,5950
Tripura,Gomati,Nutanbazar,Pointed gourd (Parval),Pointed gourd (Parval),FAQ,27-08-2025,5850,6000,5950
Tripura,North Tripura,Dasda,Bhindi(Ladies Finger),Bhindi,FAQ,27-08-2025,3000,3200,3100
Uttar Pradesh,Agra,Fatehabad,Onion,Red,FAQ,27-08-2025,1200,1500,1400
Uttar Pradesh,Agra,Fatehabad,Pumpkin,Pumpkin,FAQ,27-08-2025,700,800,800
Uttar Pradesh,Agra,Jagnair,Potato,Desi,FAQ,27-08-2025,700,800,750
Uttar Pradesh,Aligarh,Aligarh,Tomato,Hybrid,FAQ,27-08-2025,3640,3760,3700
Uttar Pradesh,Aligarh,Atrauli,Paddy(Dhan)(Basmati),Sugandha,FAQ,27-08-2025,2200,2300,2250
Uttar Pradesh,Aligarh,Charra,Bottle gourd,Bottle Gourd,FAQ,27-08-2025,1400,1600,1500
Uttar Pradesh,Aligarh,Charra,Onion,Red,FAQ,27-08-2025,1500,1700,1600
Uttar Pradesh,Aligarh,Charra,Pumpkin,Pumpkin,FAQ,27-08-2025,600,800,700
Uttar Pradesh,Aligarh,Khair,Bitter gourd,Bitter Gourd,FAQ,27-08-2025,2000,2800,2500
Uttar Pradesh,Aligarh,Khair,Ginger(Green),Green Ginger,FAQ,27-08-2025,4500,5000,4800
Uttar Pradesh,Amethi,Sultanpur,Brinjal,Brinjal,FAQ,27-08-2025,1780,1835,1800
Uttar Pradesh,Amethi,Sultanpur,Ginger(Green),Green Ginger,FAQ,27-08-2025,4080,4135,4100
Uttar Pradesh,Amethi,Sultanpur,Green Chilli,Green Chilly,FAQ,27-08-2025,4380,4435,4400
Uttar Pradesh,Amethi,Sultanpur,Mousambi(Sweet Lime),Mousambi,Medium,27-08-2025,3380,3455,3400
Uttar Pradesh,Amethi,Sultanpur,Onion,Red,FAQ,27-08-2025,1330,1375,1350
Uttar Pradesh,Amethi,Sultanpur,Pointed gourd (Parval),Pointed gourd (Parval),FAQ,27-08-2025,2980,3025,3000
Uttar Pradesh,Amroha,Dhanaura,Garlic,Average,FAQ,27-08-2025,4500,5000,4800
Uttar Pradesh,Amroha,Hasanpur,Guava,Guava,Medium,27-08-2025,1810,2000,1850
Uttar Pradesh,Ayodhya,Faizabad,Onion,Red,FAQ,27-08-2025,1400,1520,1475
Uttar Pradesh,Ayodhya,Faizabad,Potato,Desi,FAQ,27-08-2025,1110,1220,1150
Uttar Pradesh,Ayodhya,Faizabad,Sugar,Chini,FAQ,27-08-2025,4140,4250,4180
Uttar Pradesh,Badaun,Babrala,Potato,Other,Non-FAQ,27-08-2025,730,750,740
Uttar Pradesh,Badaun,Babrala,Wheat,Dara,Non-FAQ,27-08-2025,2505,2515,2510
Uttar Pradesh,Badaun,Shahaswan,Banana,Amruthapani,Medium,27-08-2025,2000,2500,2200
Uttar Pradesh,Badaun,Visoli,Maize,Yellow,FAQ,27-08-2025,2000,2000,2000
Uttar Pradesh,Bahraich,Naanpara,Banana - Green,Banana - Green,FAQ,27-08-2025,560,600,580
Uttar Pradesh,Bahraich,Naanpara,Bottle gourd,Bottle Gourd,FAQ,27-08-2025,1000,1050,1020
Uttar Pradesh,Bahraich,Naanpara,Masur Dal,Masoor Gola,FAQ,27-08-2025,5500,6000,5800
Uttar Pradesh,Bahraich,Naanpara,Pumpkin,Pumpkin,FAQ,27-08-2025,950,1000,980
Uttar Pradesh,Bahraich,Naanpara,Wheat,Dara,FAQ,27-08-2025,2350,2425,2400
Uttar Pradesh,Bareilly,Anwala,Brinjal,Brinjal,FAQ,27-08-2025,1200,1500,1400
Uttar Pradesh,Bareilly,Anwala,Colacasia,Colacasia,FAQ,27-08-2025,1000,1200,1100
Uttar Pradesh,Bareilly,Anwala,Ridgeguard(Tori),Ridgeguard(Tori),FAQ,27-08-2025,1000,1200,1100
Uttar Pradesh,Bulandshahar,Divai,Bhindi(Ladies Finger),Bhindi,FAQ,27-08-2025,800,1000,900
Uttar Pradesh,Bulandshahar,Gulavati,Bottle gourd,Bottle Gourd,FAQ,27-08-2025,1000,1200,1100
Uttar Pradesh,Bulandshahar,Gulavati,Cucumbar(Kheera),Cucumbar,FAQ,27-08-2025,1300,1500,1400
Uttar Pradesh,Bulandshahar,Sikarpur,Brinjal,Round/Long,FAQ,27-08-2025,1400,1500,1450
Uttar Pradesh,Bulandshahar,Sikarpur,Cucumbar(Kheera),Cucumbar,FAQ,27-08-2025,2800,3000,2900
Uttar Pradesh,Bulandshahar,Sikarpur,Lemon,Lemon,FAQ,27-08-2025,5000,5200,5100
Uttar Pradesh,Etawah,Jasvantnagar,Tomato,Hybrid,FAQ,27-08-2025,3165,3265,3215
Uttar Pradesh,Farukhabad,Kamlaganj,Banana,Banana - Ripe,Large,27-08-2025,4000,4100,4050
Uttar Pradesh,Farukhabad,Kamlaganj,Bhindi(Ladies Finger),Bhindi,FAQ,27-08-2025,1000,1100,1050
Uttar Pradesh,Farukhabad,Kamlaganj,Onion,Red,FAQ,27-08-2025,1200,1300,1250
Uttar Pradesh,Firozabad,Firozabad,Apple,Delicious,Medium,27-08-2025,7400,8000,7715
Uttar Pradesh,Firozabad,Firozabad,Banana,Banana - Ripe,Medium,27-08-2025,2450,2680,2560
Uttar Pradesh,Firozabad,Firozabad,Bengal Gram(Gram)(Whole),Desi (Whole),FAQ,27-08-2025,6500,6675,6585
Uttar Pradesh,Firozabad,Firozabad,Cabbage,Cabbage,FAQ,27-08-2025,1400,1600,1525
Uttar Pradesh,Firozabad,Firozabad,Garlic,Garlic,FAQ,27-08-2025,5600,6080,5870
Uttar Pradesh,Firozabad,Firozabad,Potato,Potato,FAQ,27-08-2025,815,1200,985
Uttar Pradesh,Firozabad,Firozabad,Rice,Common,FAQ,27-08-2025,3310,3520,3415
Uttar Pradesh,Firozabad,Tundla,Bhindi(Ladies Finger),Bhindi,FAQ,27-08-2025,1325,1375,1350
Uttar Pradesh,Firozabad,Tundla,Ginger(Green),Green Ginger,FAQ,27-08-2025,3400,3435,3415
Uttar Pradesh,Firozabad,Tundla,Sponge gourd,Sponge gourd,FAQ,27-08-2025,2300,2345,2320
Uttar Pradesh,Ghazipur,Jamanian,Green Chilli,Green Chilly,FAQ,27-08-2025,1500,1600,1550
Uttar Pradesh,Ghazipur,Jangipura,Rice,III,FAQ,27-08-2025,3200,3800,3400
Uttar Pradesh,Hathras,Haathras,Bhindi(Ladies Finger),Bhindi,FAQ,27-08-2025,1350,1550,1440
Uttar Pradesh,Hathras,Haathras,Brinjal,Round,FAQ,27-08-2025,1500,1700,1640
Uttar Pradesh,Hathras,Haathras,Cucumbar(Kheera),Cucumbar,FAQ,27-08-2025,1350,1550,1460
Uttar Pradesh,Hathras,Haathras,Onion,Red,FAQ,27-08-2025,1200,1400,1340
Uttar Pradesh,Hathras,Haathras,Pomegranate,Pomogranate,Medium,27-08-2025,6900,7100,7000
Uttar Pradesh,Hathras,Haathras,Potato,Desi,FAQ,27-08-2025,850,1050,950
Uttar Pradesh,Hathras,Shadabad,Onion,Red,FAQ,27-08-2025,1200,1300,1250
Uttar Pradesh,Hathras,Shadabad,Tomato,Deshi,FAQ,27-08-2025,2500,2600,2550
Uttar Pradesh,Jalaun (Orai),Ait,Wheat,Dara,FAQ,27-08-2025,2450,2588,2500
Uttar Pradesh,Jalaun (Orai),Jalaun,Bhindi(Ladies Finger),Bhindi,FAQ,27-08-2025,1200,1200,1200
Uttar Pradesh,Jalaun (Orai),Jalaun,Cauliflower,Cauliflower,FAQ,27-08-2025,3000,3200,3000
Uttar Pradesh,Kaushambi,Bharwari,Wheat,Dara,FAQ,27-08-2025,2450,2550,2500
Uttar Pradesh,Khiri (Lakhimpur),Maigalganj,Green Chilli,Green Chilly,FAQ,27-08-2025,5500,5600,5550
Uttar Pradesh,Khiri (Lakhimpur),Maigalganj,Gur(Jaggery),Khandsari,FAQ,27-08-2025,3500,3550,3525
Uttar Pradesh,Khiri (Lakhimpur),Maigalganj,Pointed gourd (Parval),Other,FAQ,27-08-2025,1900,1950,1925
Uttar Pradesh,Khiri (Lakhimpur),Maigalganj,Potato,Desi,FAQ,27-08-2025,1700,1780,1750
Uttar Pradesh,Lalitpur,Mehrauni,Soyabean,Soyabeen,Non-FAQ,27-08-2025,3900,4100,4000
Uttar Pradesh,Maharajganj,Anandnagar,Onion,Red,FAQ,27-08-2025,1400,1800,1600
Uttar Pradesh,Maharajganj,Anandnagar,Papaya,Papaya,Medium,27-08-2025,2100,2500,2300
Uttar Pradesh,Maharajganj,Anandnagar,Potato,Red,FAQ,27-08-2025,1400,1600,1500
Uttar Pradesh,Maharajganj,Nautnava,Green Chilli,Green Chilly,FAQ,27-08-2025,1700,2000,1860
Uttar Pradesh,Maharajganj,Nautnava,Tomato,Hybrid,FAQ,27-08-2025,1600,1890,1760
Uttar Pradesh,Mahoba,Mahoba,Apple,Delicious,Medium,27-08-2025,8050,8150,8110
Uttar Pradesh,Mahoba,Mahoba,Pumpkin,Pumpkin,FAQ,27-08-2025,1750,1850,1800
Uttar Pradesh,Mainpuri,Ghiraur,Arhar Dal(Tur Dal),Arhar Dal(Tur),FAQ,27-08-2025,9410,9610,9510
Uttar Pradesh,Mainpuri,Ghiraur,Banana,Banana - Ripe,Medium,27-08-2025,2460,2650,2560
Uttar Pradesh,Mainpuri,Ghiraur,Bottle gourd,Bottle Gourd,FAQ,27-08-2025,1150,1350,1260
Uttar Pradesh,Mainpuri,Ghiraur,Brinjal,Round/Long,FAQ,27-08-2025,1500,1700,1600
Uttar Pradesh,Mainpuri,Ghiraur,Mustard,Mustard,FAQ,27-08-2025,7130,7270,7200
Uttar Pradesh,Mainpuri,Ghiraur,Pumpkin,Pumpkin,FAQ,27-08-2025,1390,1590,1490
Uttar Pradesh,Mau(Maunathbhanjan),Doharighat,Cauliflower,Other,FAQ,27-08-2025,2400,2500,2450
Uttar Pradesh,Mau(Maunathbhanjan),Doharighat,Gur(Jaggery),Achhu,FAQ,27-08-2025,5400,5500,5450
Uttar Pradesh,Mau(Maunathbhanjan),Kopaganj,Green Chilli,Green Chilly,FAQ,27-08-2025,2000,2300,2100
Uttar Pradesh,Prayagraj,Allahabad,Bitter gourd,Bitter Gourd,FAQ,27-08-2025,2625,2700,2680
Uttar Pradesh,Prayagraj,Allahabad,Pointed gourd (Parval),Pointed gourd (Parval),FAQ,27-08-2025,3550,3650,3610
Uttar Pradesh,Prayagraj,Allahabad,Sponge gourd,Sponge gourd,FAQ,27-08-2025,1730,1840,1810
Uttar Pradesh,Prayagraj,Sirsa,Onion,Red,FAQ,27-08-2025,1200,1400,1300
Uttar Pradesh,Prayagraj,Sirsa,Wheat,Dara,FAQ,27-08-2025,2500,2700,2600
Uttar Pradesh,Raebarelli,Bachranwa,Rice,Common,FAQ,27-08-2025,3175,3200,3185
Uttar Pradesh,Sant Kabir Nagar,Khalilabad,Cucumbar(Kheera),Cucumbar,FAQ,27-08-2025,1700,1800,1750
Uttar Pradesh,Shravasti,Payagpur,Cucumbar(Kheera),Cucumbar,FAQ,27-08-2025,2000,2200,2100
Uttar Pradesh,Sitapur,Hargaon (Laharpur),Pumpkin,Pumpkin,FAQ,27-08-2025,820,840,830
Uttar Pradesh,Sitapur,Hargaon (Laharpur),Wood,Other,FAQ,27-08-2025,500,600,550
Uttrakhand,Dehradoon,Vikasnagar,Banana,Other,Medium,27-08-2025,700,900,900
Uttrakhand,Dehradoon,Vikasnagar,Mousambi(Sweet Lime),Other,Medium,27-08-2025,1500,1800,1800
Uttrakhand,Dehradoon,Vikasnagar,Pomegranate,Other,Medium,27-08-2025,2500,5000,5000
Uttrakhand,Dehradoon,Vikasnagar,Tomato,Other,Non-FAQ,27-08-2025,2100,4000,4000
Uttrakhand,Haridwar,Bhagwanpur(Naveen Mandi Sthal),Brinjal,Other,FAQ,27-08-2025,500,700,600
Uttrakhand,Haridwar,Haridwar Union,Apple,Other,Medium,27-08-2025,2200,6500,3500
Uttrakhand,Haridwar,Haridwar Union,Banana,Other,Medium,27-08-2025,1200,1600,1400
Uttrakhand,Haridwar,Haridwar Union,Bottle gourd,Bottle Gourd,FAQ,27-08-2025,1000,1200,1100
Uttrakhand,Haridwar,Haridwar Union,Capsicum,Capsicum,FAQ,27-08-2025,2500,3500,3000
Uttrakhand,Haridwar,Haridwar Union,Cucumbar(Kheera),Cucumbar,FAQ,27-08-2025,1000,1500,1100
Uttrakhand,Haridwar,Manglaur,Banana,Other,Medium,27-08-2025,1000,1600,1200
Uttrakhand,Haridwar,Manglaur,Bottle gourd,Other,FAQ,27-08-2025,1200,1600,1400
Uttrakhand,Haridwar,Manglaur,Guava,Other,Medium,27-08-2025,1400,2000,1500
Uttrakhand,Haridwar,Roorkee,Onion,Other,FAQ,27-08-2025,2000,4000,3000
Uttrakhand,UdhamSinghNagar,Kicchha,Bottle gourd,Bottle Gourd,FAQ,27-08-2025,700,900,800
Uttrakhand,UdhamSinghNagar,Kicchha,Pumpkin,Pumpkin,FAQ,27-08-2025,700,900,800
Uttrakhand,UdhamSinghNagar,Rudrapur,Bitter gourd,Other,FAQ,27-08-2025,2000,2500,2200
Uttrakhand,UdhamSinghNagar,Rudrapur,Capsicum,Other,FAQ,27-08-2025,4000,6000,5000
Uttrakhand,UdhamSinghNagar,Rudrapur,Colacasia,Other,FAQ,27-08-2025,2000,3000,2500
Uttrakhand,UdhamSinghNagar,Rudrapur,Ginger(Dry),Other,FAQ,27-08-2025,6000,10000,7000
Uttrakhand,UdhamSinghNagar,Rudrapur,Mousambi(Sweet Lime),Other,Medium,27-08-2025,2000,3000,2500
Uttrakhand,UdhamSinghNagar,Rudrapur,Pointed gourd (Parval),Other,FAQ,27-08-2025,3000,5000,4000
Uttrakhand,UdhamSinghNagar,Rudrapur,Pumpkin,Other,FAQ,27-08-2025,1500,2000,1800
Uttrakhand,UdhamSinghNagar,Sitarganj,Tomato,Other,Non-FAQ,27-08-2025,2000,3000,2500
West Bengal,Bankura,Bankura Sadar,Rice,Common,FAQ,27-08-2025,3300,3500,3400
West Bengal,Bankura,Indus(Bankura Sadar),Green Chilli,Green Chilly,FAQ,27-08-2025,8800,9500,9000
West Bengal,Bankura,Indus(Bankura Sadar),Paddy(Dhan)(Common),Common,FAQ,27-08-2025,2150,2320,2300
West Bengal,Dakshin Dinajpur,Balurghat,Brinjal,Round/Long,FAQ,27-08-2025,3500,4000,3700
West Bengal,Dakshin Dinajpur,Balurghat,Paddy(Dhan)(Common),Common,FAQ,27-08-2025,2300,2320,2310
West Bengal,Jalpaiguri,Jalpaiguri Sadar,Green Chilli,Green Chilly,FAQ,27-08-2025,8500,8700,8600
West Bengal,Jalpaiguri,Jalpaiguri Sadar,Potato,Red,FAQ,27-08-2025,1300,1400,1350
West Bengal,Medinipur(W),Ghatal,Brinjal,Brinjal,FAQ,27-08-2025,6100,6300,6200
West Bengal,Medinipur(W),Ghatal,Onion,Onion,FAQ,27-08-2025,1900,2000,1950
West Bengal,Medinipur(W),Ghatal,Paddy(Dhan)(Common),Common,FAQ,27-08-2025,2300,2350,2330
West Bengal,Medinipur(W),Ghatal,Potato,Jyoti,FAQ,27-08-2025,1350,1450,1400
West Bengal,Medinipur(W),Ghatal,Pumpkin,Other,FAQ,27-08-2025,1900,2000,1950
Bihar,Rohtas,Natwar,Potato,Jyoti,FAQ,27-08-2025,1200,1400,1300
Gujarat,Amreli,Babra,Cummin Seed(Jeera),Other,FAQ,27-08-2025,14875,17925,16400
Gujarat,Amreli,Damnagar,Lemon,Lemon,FAQ,27-08-2025,1850,2550,2200
Gujarat,Amreli,Savarkundla,Wheat,Lokwan,FAQ,27-08-2025,2350,2760,2525
Gujarat,Gandhinagar,Dehgam,Castor Seed,Other,FAQ,27-08-2025,6350,6400,6375
Gujarat,Gandhinagar,Dehgam,Wheat,Other,FAQ,27-08-2025,2700,2705,2702
Gujarat,Jamnagar,Dhrol,Bajra(Pearl Millet/Cumbu),Other,FAQ,27-08-2025,1950,2150,2050
Gujarat,Jamnagar,Dhrol,"Sesamum(Sesame,Gingelly,Til)",Other,FAQ,27-08-2025,6500,8200,7350
Gujarat,Junagarh,Bhesan,Coriander(Leaves),Other,FAQ,27-08-2025,5000,7300,7000
Gujarat,Navsari,Navsari,Bhindi(Ladies Finger),Bhindi,FAQ,27-08-2025,2500,3000,2750
Gujarat,Navsari,Navsari,Cluster beans,Cluster Beans,FAQ,27-08-2025,3500,4000,3750
Gujarat,Navsari,Navsari,Coriander(Leaves),Coriander,FAQ,27-08-2025,3500,4000,3750
Gujarat,Panchmahals,Morva Hafad,Wheat,Other,Non-FAQ,27-08-2025,2500,2600,2550
Gujarat,Rajkot,Dhoraji,Wheat,Lokwan,Non-FAQ,27-08-2025,2625,2640,2630
Gujarat,Rajkot,Rajkot(Veg.Sub Yard),Cluster beans,Cluster Beans,FAQ,27-08-2025,1000,3000,2000
Gujarat,Rajkot,Rajkot(Veg.Sub Yard),Lemon,Lemon,FAQ,27-08-2025,500,4000,2250
Gujarat,Surendranagar,Dhragradhra,Mustard,Sarson(Black),FAQ,27-08-2025,7005,7450,7250
Gujarat,Vadodara(Baroda),Padra,Bitter gourd,Other,FAQ,27-08-2025,1000,1750,1400
Gujarat,Vadodara(Baroda),Padra,Cucumbar(Kheera),Other,FAQ,27-08-2025,1000,3500,2250
Gujarat,Vadodara(Baroda),Padra,Drumstick,Other,FAQ,27-08-2025,4500,5000,4750
Gujarat,Vadodara(Baroda),Padra,Green Chilli,Green Chilly,FAQ,27-08-2025,1000,3000,2000
Gujarat,Vadodara(Baroda),Padra,Lemon,Other,FAQ,27-08-2025,2500,4000,3250
Haryana,Bhiwani,Bhiwani,Mousambi(Sweet Lime),Mousambi,Large,27-08-2025,2580,3244,2980
Haryana,Hissar,Barwala(Hisar),Cabbage,Other,FAQ,27-08-2025,2300,2500,2400
Haryana,Hissar,Barwala(Hisar),Capsicum,Capsicum,FAQ,27-08-2025,6500,7000,6800
Haryana,Hissar,Barwala(Hisar),Mousambi(Sweet Lime),Other,Medium,27-08-2025,3200,3500,3400
Haryana,Hissar,Barwala(Hisar),Potato,Other,FAQ,27-08-2025,800,1000,900
Haryana,Hissar,Hansi,Bhindi(Ladies Finger),Other,FAQ,27-08-2025,1500,2500,2000
Haryana,Hissar,Hansi,Chikoos(Sapota),Other,Medium,27-08-2025,5000,7000,6000
Haryana,Hissar,Hansi,Cucumbar(Kheera),Other,FAQ,27-08-2025,1500,2500,2000
Haryana,Hissar,Hansi,Lemon,Other,FAQ,27-08-2025,3000,5000,4000
Haryana,Hissar,Hansi,Mousambi(Sweet Lime),Other,Medium,27-08-2025,3000,4000,3500
Haryana,Hissar,Hansi,Plum,Other,Medium,27-08-2025,6000,8000,7000
Haryana,Hissar,Hansi,Ridgeguard(Tori),Other,FAQ,27-08-2025,3000,3500,3200
Haryana,Mahendragarh-Narnaul,Narnaul,Capsicum,Capsicum,FAQ,27-08-2025,6000,6000,6000
Haryana,Mahendragarh-Narnaul,Narnaul,Cucumbar(Kheera),Cucumbar,FAQ,27-08-2025,1000,2500,2000
Haryana,Mahendragarh-Narnaul,Narnaul,Guava,Guava,Medium,27-08-2025,2000,2000,2000
Haryana,Mahendragarh-Narnaul,Narnaul,Onion,Onion,FAQ,27-08-2025,1500,2000,2000
Haryana,Mahendragarh-Narnaul,Narnaul,Potato,Potato,Non-FAQ,27-08-2025,1000,1000,1000
Haryana,Mahendragarh-Narnaul,Narnaul,Pumpkin,Pumpkin,FAQ,27-08-2025,1000,1000,1000
Haryana,Mahendragarh-Narnaul,Narnaul,Spinach,Spinach,FAQ,27-08-2025,2000,2500,2500
Haryana,Mahendragarh-Narnaul,Narnaul,Sponge gourd,Sponge gourd,FAQ,27-08-2025,1500,2000,2000
Haryana,Mahendragarh-Narnaul,Narnaul,Tinda,Tinda,FAQ,27-08-2025,2500,3000,3000
Haryana,Panchkula,Raipur Rai,Cauliflower,Cauliflower,FAQ,27-08-2025,3000,3200,3000
Haryana,Panchkula,Raipur Rai,Coriander(Leaves),Coriander,FAQ,27-08-2025,4300,4500,4300
Haryana,Panchkula,Raipur Rai,Pumpkin,Pumpkin,FAQ,27-08-2025,800,1000,800
Haryana,Panipat,Panipat,Brinjal,Arkasheela Mattigulla,FAQ,27-08-2025,1000,2000,1500
Haryana,Panipat,Panipat,Mango,Other,Medium,27-08-2025,4000,6000,5000
Haryana,Panipat,Panipat,Pomegranate,Pomogranate,Medium,27-08-2025,4000,8000,6000
Haryana,Panipat,Samalkha,Garlic,Garlic,FAQ,27-08-2025,9000,9000,9000
Haryana,Panipat,Samalkha,Ginger(Dry),Other,FAQ,27-08-2025,6000,6000,6000
Haryana,Panipat,Samalkha,Lemon,Lemon,FAQ,27-08-2025,6000,6000,6000
Haryana,Panipat,Samalkha,Onion,Local,FAQ,27-08-2025,1800,1800,1800
Haryana,Panipat,Samalkha,Raddish,Raddish,FAQ,27-08-2025,1500,1500,1500
Haryana,Rewari,Rewari,Banana,Other,Medium,27-08-2025,2000,3200,2600
Haryana,Rewari,Rewari,Tomato,Other,Non-FAQ,27-08-2025,2000,4000,3000
Haryana,Rohtak,Sampla,Banana,Other,Large,27-08-2025,2500,2500,2500
Haryana,Sirsa,kalanwali,Potato,Other,FAQ,27-08-2025,1000,1000,1000
Haryana,Sirsa,kalanwali,Tomato,Other,FAQ,27-08-2025,2500,2500,2500
Haryana,Sonipat,Ganaur,Banana,Banana - Ripe,Medium,27-08-2025,2800,3000,2800
Haryana,Sonipat,Ganaur,Cucumbar(Kheera),Cucumbar,FAQ,27-08-2025,1800,2000,1800
Haryana,Sonipat,Ganaur,Green Chilli,Green Chilly,FAQ,27-08-2025,5000,6000,5500
Haryana,Sonipat,Ganaur,Potato,Potato,FAQ,27-08-2025,1300,1500,1400
Haryana,Sonipat,Gohana,Brinjal,Other,FAQ,27-08-2025,1500,3000,2000
Haryana,Sonipat,Gohana,Cucumbar(Kheera),Other,FAQ,27-08-2025,1500,3000,2000
Haryana,Sonipat,Gohana,Guava,Other,Small,27-08-2025,1000,2000,1500
Haryana,Sonipat,Gohana,Mousambi(Sweet Lime),Other,Large,27-08-2025,2500,3000,2800
Haryana,Sonipat,Gohana,Tomato,Tomato,Non-FAQ,27-08-2025,3000,6000,4000
Haryana,Sonipat,Gohana,Water Melon,Other,Large,27-08-2025,2000,2500,2200
Haryana,Yamuna Nagar,Chhachrauli,Banana,Other,Medium,27-08-2025,3700,3700,3700
Haryana,Yamuna Nagar,Chhachrauli,Tomato,Tomato,FAQ,27-08-2025,3300,4000,3300
Haryana,Yamuna Nagar,Radaur,Apple,Other,Medium,27-08-2025,5000,6000,5500
Haryana,Yamuna Nagar,Radaur,Ginger(Green),Other,FAQ,27-08-2025,6000,6400,6200
Haryana,Yamuna Nagar,Radaur,Peas Wet,Other,FAQ,27-08-2025,6000,7000,6500
Haryana,Yamuna Nagar,Radaur,Raddish,Other,FAQ,27-08-2025,900,1200,1100
Haryana,Yamuna Nagar,Sadhaura,Apple,Other,Large,27-08-2025,2000,8000,3000
Haryana,Yamuna Nagar,Sadhaura,Bhindi(Ladies Finger),Bhindi,FAQ,27-08-2025,1000,2500,2000
Haryana,Yamuna Nagar,Sadhaura,Tomato,Other,FAQ,27-08-2025,3300,3600,3500
Himachal Pradesh,Hamirpur,Hamirpur,Bhindi(Ladies Finger),Other,FAQ,27-08-2025,3500,4000,3700
Himachal Pradesh,Hamirpur,Hamirpur,Carrot,Other,FAQ,27-08-2025,4000,4000,4000
Himachal Pradesh,Hamirpur,Hamirpur,French Beans (Frasbean),Other,FAQ,27-08-2025,9000,10000,9500
Himachal Pradesh,Hamirpur,Hamirpur,Potato,Desi,Non-FAQ,27-08-2025,1200,1600,1400
Himachal Pradesh,Hamirpur,Hamirpur,Potato,Other,FAQ,27-08-2025,2200,3000,2600
Himachal Pradesh,Hamirpur,Hamirpur(Nadaun),Bitter gourd,Other,FAQ,27-08-2025,4000,5000,4500
Himachal Pradesh,Hamirpur,Hamirpur(Nadaun),Cabbage,Other,FAQ,27-08-2025,3000,3200,3100
Himachal Pradesh,Hamirpur,Hamirpur(Nadaun),Green Chilli,Other,FAQ,27-08-2025,6500,7000,6700
Himachal Pradesh,Hamirpur,Hamirpur(Nadaun),Lemon,Other,FAQ,27-08-2025,6000,6000,6000
Himachal Pradesh,Hamirpur,Hamirpur(Nadaun),Potato,Other,FAQ,27-08-2025,1200,3000,2000
Himachal Pradesh,Kangra,Dharamshala,Banana,Other,Medium,27-08-2025,4500,4800,4650
Himachal Pradesh,Kangra,Dharamshala,Cauliflower,Other,FAQ,27-08-2025,3000,3200,3100
Himachal Pradesh,Kangra,Kangra,Apple,Other,Medium,27-08-2025,8000,12000,10000
Himachal Pradesh,Kangra,Kangra,Bottle gourd,Other,FAQ,27-08-2025,3000,5500,4000
Himachal Pradesh,Kangra,Kangra,French Beans (Frasbean),Other,FAQ,27-08-2025,9000,10000,9500
Himachal Pradesh,Kangra,Kangra,Ginger(Green),Other,FAQ,27-08-2025,7000,8000,7500
Himachal Pradesh,Kangra,Kangra,Lemon,Other,FAQ,27-08-2025,6500,7000,6700
Himachal Pradesh,Kangra,Kangra(Baijnath),Apple,Apple,Medium,27-08-2025,3500,9000,6000
Himachal Pradesh,Kangra,Kangra(Baijnath),Bottle gourd,Bottle Gourd,FAQ,27-08-2025,4800,5000,4900
Himachal Pradesh,Kangra,Kangra(Baijnath),Brinjal,Brinjal,FAQ,27-08-2025,4000,4200,4100
Himachal Pradesh,Kangra,Kangra(Baijnath),Cabbage,Cabbage,FAQ,27-08-2025,3000,3500,3300
Himachal Pradesh,Kangra,Kangra(Baijnath),Cucumbar(Kheera),Cucumbar,FAQ,27-08-2025,3500,3700,3600
Himachal Pradesh,Kangra,Kangra(Baijnath),French Beans (Frasbean),French Beans (Frasbean),FAQ,27-08-2025,15000,15000,15000
Himachal Pradesh,Kangra,Kangra(Baijnath),Green Chilli,Green Chilly,FAQ,27-08-2025,6000,6200,6100
Himachal Pradesh,Kangra,Kangra(Baijnath),Peas Wet,Other,FAQ,27-08-2025,11000,11000,11000
Himachal Pradesh,Kangra,Kangra(Jaisinghpur),Capsicum,Capsicum,FAQ,27-08-2025,6500,7000,6800
Himachal Pradesh,Kangra,Kangra(Jaisinghpur),Green Chilli,Green Chilly,FAQ,27-08-2025,6500,7500,7200
Himachal Pradesh,Kangra,Kangra(Jaisinghpur),Potato,Potato,FAQ,27-08-2025,1700,2500,2200
Himachal Pradesh,Kangra,Kangra(Jaisinghpur),Tomato,Tomato,FAQ,27-08-2025,3800,4600,4400
Himachal Pradesh,Kangra,Kangra(Nagrota Bagwan),Capsicum,Capsicum,FAQ,27-08-2025,6500,6800,6700
Himachal Pradesh,Kangra,Kangra(Nagrota Bagwan),Colacasia,Colacasia,FAQ,27-08-2025,2500,3000,2700
Himachal Pradesh,Kangra,Kangra(Nagrota Bagwan),Papaya,Other,Medium,27-08-2025,3000,3500,3200
Himachal Pradesh,Kangra,Kangra(Nagrota Bagwan),Pumpkin,Other,FAQ,27-08-2025,1400,1800,1500
Himachal Pradesh,Kangra,Palampur,Banana,Banana - Ripe,Medium,27-08-2025,4200,5000,4600
Himachal Pradesh,Kangra,Palampur,Ginger(Green),Other,FAQ,27-08-2025,7000,8000,7500
Himachal Pradesh,Kangra,Palampur,Lemon,Other,FAQ,27-08-2025,6000,7000,6500
Himachal Pradesh,Kangra,Palampur,Peas Wet,Other,FAQ,27-08-2025,10000,12000,11000
Himachal Pradesh,Kangra,Palampur,Potato,Other,FAQ,27-08-2025,1500,2400,2000
Himachal Pradesh,Sirmore,Paonta Sahib,Banana,Other,Large,27-08-2025,4500,5000,4800
Himachal Pradesh,Sirmore,Paonta Sahib,Bottle gourd,Other,FAQ,27-08-2025,2000,2500,2200
Himachal Pradesh,Sirmore,Paonta Sahib,Cucumbar(Kheera),Other,FAQ,27-08-2025,2000,3000,2500
Himachal Pradesh,Sirmore,Paonta Sahib,Ginger(Green),Other,FAQ,27-08-2025,6000,8000,7000
Himachal Pradesh,Sirmore,Paonta Sahib,Tomato,Other,FAQ,27-08-2025,4000,6000,5000
Himachal Pradesh,Solan,Dharampur,Tomato,Other,FAQ,27-08-2025,2000,3500,3500
Himachal Pradesh,Solan,Solan,Bhindi(Ladies Finger),Other,FAQ,27-08-2025,2500,2600,2600
Himachal Pradesh,Solan,Solan,Cucumbar(Kheera),Other,FAQ,27-08-2025,1000,3500,2000
Himachal Pradesh,Solan,Solan,Pineapple,Other,Medium,27-08-2025,4200,6000,5000
Himachal Pradesh,Solan,Solan,Raddish,Other,FAQ,27-08-2025,2000,2500,2200
Kerala,Alappuzha,Chengannur,Bitter gourd,Other,FAQ,27-08-2025,5400,6000,5500
Kerala,Alappuzha,Chengannur,Coconut,Big,FAQ,27-08-2025,6300,6600,6400
Kerala,Alappuzha,Chengannur,Ginger(Green),Green Ginger,FAQ,27-08-2025,0,0,8000
Kerala,Alappuzha,Chengannur,Green Chilli,Green Chilly,FAQ,27-08-2025,4800,5300,5000
Kerala,Alappuzha,Chengannur,Lemon,Lemon,FAQ,27-08-2025,0,0,6000
Kerala,Alappuzha,Chengannur,Onion,Small,FAQ,27-08-2025,3800,4300,4000
Kerala,Alappuzha,Cherthala,Ashgourd,Other,FAQ,27-08-2025,3200,3400,3300
Kerala,Alappuzha,Cherthala,Bhindi(Ladies Finger),Bhindi,FAQ,27-08-2025,4200,4400,4300
Kerala,Alappuzha,Harippad,Bhindi(Ladies Finger),Other,FAQ,27-08-2025,4000,4500,4000
Kerala,Alappuzha,Harippad,Brinjal,Other,FAQ,27-08-2025,4000,4500,4000
Kerala,Alappuzha,Harippad,Capsicum,Other,FAQ,27-08-2025,8000,8700,8000
Kerala,Alappuzha,Harippad,Colacasia,Other,FAQ,27-08-2025,9000,9700,9000
Kerala,Alappuzha,Harippad,Onion,Other,FAQ,27-08-2025,5000,5500,5000
Kerala,Ernakulam,Amalapuram  VFPCK,Banana,Nendra Bale,Large,27-08-2025,3800,4000,3900
Kerala,Ernakulam,Amalapuram  VFPCK,Banana,Poovan,Large,27-08-2025,5200,5500,5300
Kerala,Ernakulam,Edackattuvayal  VFPCK,Banana,Nendra Bale,Large,27-08-2025,5465,5475,5470
Kerala,Ernakulam,Malayattoor  VFPCK,Banana,Nendra Bale,Large,27-08-2025,0,0,4300
Kerala,Ernakulam,North Paravur,Amaranthus,Amaranthus,FAQ,27-08-2025,2000,3000,2500
Kerala,Ernakulam,North Paravur,Banana - Green,Banana - Green,FAQ,27-08-2025,3800,4500,4000
Kerala,Ernakulam,North Paravur,Bhindi(Ladies Finger),Bhindi,FAQ,27-08-2025,3500,4000,3800
Kerala,Ernakulam,North Paravur,Bitter gourd,Bitter Gourd,FAQ,27-08-2025,5500,6000,5800
Kerala,Ernakulam,North Paravur,Brinjal,Arkasheela Mattigulla,FAQ,27-08-2025,3500,4500,4000
Kerala,Ernakulam,North Paravur,Cabbage,Cabbage,FAQ,27-08-2025,2200,2800,2400
Kerala,Ernakulam,North Paravur,Carrot,Carrot,FAQ,27-08-2025,6500,7500,7000
Kerala,Ernakulam,North Paravur,Cauliflower,African Sarson,FAQ,27-08-2025,3000,4000,3500
Kerala,Ernakulam,North Paravur,Little gourd (Kundru),Little gourd (Kundru),FAQ,27-08-2025,5800,6500,6000
Kerala,Ernakulam,North Paravur,Mango (Raw-Ripe),Mango - Raw-Ripe,FAQ,27-08-2025,8000,9000,8500
Kerala,Ernakulam,North Paravur,Onion,1st Sort,FAQ,27-08-2025,4800,5500,5000
Kerala,Ernakulam,North Paravur,Pumpkin,Other,FAQ,27-08-2025,3000,3500,3200
Kerala,Ernakulam,North Paravur,Sweet Potato,Hosur Green,FAQ,27-08-2025,3800,4500,4000
Kerala,Ernakulam,Thrippunithura,Banana - Green,Banana - Green,FAQ,27-08-2025,4200,9000,4400
Kerala,Ernakulam,Thrippunithura,Bottle gourd,Bottle Gourd,FAQ,27-08-2025,5000,6000,5200
Kerala,Ernakulam,Thrippunithura,Cabbage,Cabbage,FAQ,27-08-2025,4500,5500,4700
Kerala,Ernakulam,Thrippunithura,Cauliflower,Cauliflower,FAQ,27-08-2025,5000,6000,5200
Kerala,Ernakulam,Thrippunithura,Colacasia,Other,FAQ,27-08-2025,5000,8000,6000
Kerala,Ernakulam,Thrippunithura,Mango (Raw-Ripe),Mango - Raw-Ripe,FAQ,27-08-2025,9500,11000,9700
Kerala,Ernakulam,Thrippunithura,Potato,Potato,FAQ,27-08-2025,3800,4000,3800
Kerala,Ernakulam,Thrippunithura,Pumpkin,Pumpkin,FAQ,27-08-2025,4000,5000,4200
Kerala,Ernakulam,Thrippunithura,Tapioca,Tapioca,FAQ,27-08-2025,3000,3500,3200
Kerala,Kannur,Kannur,Onion,Other,FAQ,27-08-2025,2400,2600,2500
Kerala,Kannur,Payyannur,Amaranthus,Other,FAQ,27-08-2025,3700,3900,3800
Kerala,Kannur,Taliparamba,Green Chilli,Green Chilly,FAQ,27-08-2025,4900,5100,5000
Kerala,Kottayam,Ettumanoor,Banana,Banana - Ripe,Medium,27-08-2025,4000,4200,4100
Kerala,Kottayam,Ettumanoor,Brinjal,Other,FAQ,27-08-2025,4200,4500,4300
Kerala,Kottayam,Ettumanoor,Onion,Big,FAQ,27-08-2025,2400,2800,2600
Kerala,Kottayam,Ettumanoor,Onion,Onion,FAQ,27-08-2025,4400,4700,4500
Kerala,Kottayam,Ettumanoor,Pumpkin,Pumpkin,FAQ,27-08-2025,3200,3400,3300
Kerala,Kottayam,Ettumanoor,Tomato,Tomato,FAQ,27-08-2025,5400,5800,5600
Kerala,Kottayam,Kuruppanthura,Amphophalus,Amphophalus,FAQ,27-08-2025,5000,6000,5000
Kerala,Kottayam,Kuruppanthura,Coconut,Medium,FAQ,27-08-2025,7600,8000,8000
Kerala,Kottayam,Kuruppanthura,Green Chilli,Green Chilly,FAQ,27-08-2025,5000,8000,6800
Kerala,Kottayam,Kuruppanthura,Potato,Potato,FAQ,27-08-2025,4000,4000,4000
Kerala,Kottayam,Pampady,Amaranthus,Amaranthus,FAQ,27-08-2025,3000,4000,3500
Kerala,Kottayam,Pampady,Ashgourd,Other,FAQ,27-08-2025,2500,4000,3500
Kerala,Kottayam,Pampady,Banana,Medium,Medium,27-08-2025,6500,8000,7500
Kerala,Kottayam,Pampady,Banana,Robusta,Medium,27-08-2025,3500,4500,4000
Kerala,Kottayam,Pampady,Brinjal,Brinjal,FAQ,27-08-2025,2500,3500,3000
Kerala,Kottayam,Pampady,Cabbage,Other,FAQ,27-08-2025,3200,4500,4000
Kerala,Kottayam,Pampady,Cauliflower,Other,FAQ,27-08-2025,4000,5500,5000
Kerala,Kottayam,Pampady,Colacasia,Other,FAQ,27-08-2025,4500,6500,6000
Kerala,Kottayam,Pampady,Cowpea(Veg),Other,FAQ,27-08-2025,5500,7000,6500
Kerala,Kottayam,Pampady,Snakeguard,Other,FAQ,27-08-2025,2000,3000,2500
Kerala,Kottayam,Pampady,Tomato,Other,FAQ,27-08-2025,5300,7000,6500
Kerala,Kozhikode(Calicut),Kallachi,Beetroot,Beetroot,FAQ,27-08-2025,4300,4700,4500
Kerala,Kozhikode(Calicut),Kallachi,Bitter gourd,Bitter Gourd,FAQ,27-08-2025,4300,4700,4500
Kerala,Kozhikode(Calicut),Kallachi,Bottle gourd,Bottle Gourd,FAQ,27-08-2025,3800,4200,4000
Kerala,Kozhikode(Calicut),Kallachi,Brinjal,Brinjal,FAQ,27-08-2025,3800,4200,4000
Kerala,Kozhikode(Calicut),Kallachi,Cabbage,Cabbage,FAQ,27-08-2025,2300,2700,2500
Kerala,Kozhikode(Calicut),Kallachi,Carrot,Carrot,FAQ,27-08-2025,6400,6800,6600
Kerala,Kozhikode(Calicut),Kallachi,Cowpea(Veg),Cowpea (Veg),FAQ,27-08-2025,4300,4700,4500
Kerala,Kozhikode(Calicut),Kallachi,Ginger(Green),Green Ginger,FAQ,27-08-2025,6800,7200,7000
Kerala,Kozhikode(Calicut),Kallachi,Tomato,Tomato,FAQ,27-08-2025,4100,4500,4300
Kerala,Kozhikode(Calicut),Mukkom,Apple,Other,Large,27-08-2025,14000,15000,14500
Kerala,Kozhikode(Calicut),Mukkom,Bhindi(Ladies Finger),Bhindi,FAQ,27-08-2025,4800,5200,5000
Kerala,Kozhikode(Calicut),Mukkom,Ginger(Green),Green Ginger,FAQ,27-08-2025,8000,8500,8200
Kerala,Kozhikode(Calicut),Mukkom,Green Chilli,Green Chilly,FAQ,27-08-2025,6500,6800,6600
Kerala,Kozhikode(Calicut),Mukkom,Onion,Onion,FAQ,27-08-2025,2200,2400,2300
Kerala,Kozhikode(Calicut),Mukkom,Orange,Other,Large,27-08-2025,11000,12000,11500
Kerala,Kozhikode(Calicut),Mukkom,Tomato,Tomato,FAQ,27-08-2025,4200,4800,4400
Kerala,Kozhikode(Calicut),Palayam,Ashgourd,Other,FAQ,27-08-2025,2700,2700,2700
Kerala,Kozhikode(Calicut),Palayam,Beetroot,Other,FAQ,27-08-2025,4300,4300,4300
Kerala,Kozhikode(Calicut),Palayam,Bitter gourd,Bitter Gourd,FAQ,27-08-2025,4000,4000,4000
Kerala,Kozhikode(Calicut),Palayam,Brinjal,Other,FAQ,27-08-2025,3200,3200,3200
Kerala,Kozhikode(Calicut),Palayam,French Beans (Frasbean),Other,FAQ,27-08-2025,3500,3500,3500
Kerala,Kozhikode(Calicut),Palayam,Raddish,Other,FAQ,27-08-2025,2300,2300,2300
Kerala,Kozhikode(Calicut),Perambra,Amaranthus,Amaranthus,FAQ,27-08-2025,3000,3500,3200
Kerala,Kozhikode(Calicut),Perambra,Amphophalus,Amphophalus,FAQ,27-08-2025,5000,5500,5200
Kerala,Kozhikode(Calicut),Perambra,Capsicum,Capsicum,FAQ,27-08-2025,6500,7000,6800
Kerala,Kozhikode(Calicut),Perambra,Cucumbar(Kheera),Other,FAQ,27-08-2025,3500,4200,4000
Kerala,Kozhikode(Calicut),Perambra,French Beans (Frasbean),Other,FAQ,27-08-2025,5500,7000,6500
Kerala,Kozhikode(Calicut),Perambra,Green Chilli,Other,FAQ,27-08-2025,5000,6000,5500
Kerala,Kozhikode(Calicut),Perambra,Snakeguard,Other,FAQ,27-08-2025,3500,5000,4500
Kerala,Kozhikode(Calicut),Perambra,Tomato,Tomato,FAQ,27-08-2025,4700,5000,4800
Kerala,Kozhikode(Calicut),Quilandy,Bottle gourd,Other,FAQ,27-08-2025,4000,4200,4000
Kerala,Kozhikode(Calicut),Quilandy,Brinjal,Other,FAQ,27-08-2025,3700,4000,3800
Kerala,Kozhikode(Calicut),Quilandy,Raddish,Other,FAQ,27-08-2025,3000,3200,3000
Kerala,Kozhikode(Calicut),Thamarassery,Cabbage,Other,FAQ,27-08-2025,1400,1900,1500
Kerala,Kozhikode(Calicut),Thamarassery,Onion,Other,FAQ,27-08-2025,2100,2700,2300
Kerala,Kozhikode(Calicut),Vengeri(Kozhikode),Amaranthus,Amaranthus,FAQ,27-08-2025,2300,2600,2600
Kerala,Kozhikode(Calicut),Vengeri(Kozhikode),Drumstick,Drumstick,FAQ,27-08-2025,3000,3300,3300
Kerala,Kozhikode(Calicut),Vengeri(Kozhikode),Ginger(Green),Green Ginger,FAQ,27-08-2025,6000,6000,6000
Kerala,Palakad,Pattambi,Amaranthus,Other,FAQ,27-08-2025,1000,1200,1100
Kerala,Palakad,Pattambi,Banana,Palayamthodan,Medium,27-08-2025,4000,4500,4200
Kerala,Palakad,Pattambi,Beetroot,Other,FAQ,27-08-2025,2500,3000,2800
Kerala,Palakad,Pattambi,Bhindi(Ladies Finger),Other,FAQ,27-08-2025,4000,4500,4200
Kerala,Palakad,Pattambi,Brinjal,Other,FAQ,27-08-2025,3500,4000,3800
Kerala,Palakad,Pattambi,Cauliflower,Other,FAQ,27-08-2025,2500,3000,2800
Kerala,Palakad,Pattambi,Cluster beans,Cluster Beans,FAQ,27-08-2025,6000,6500,6200
Kerala,Palakad,Pattambi,Cowpea(Veg),Cowpea (Veg),FAQ,27-08-2025,3500,4000,3800
Kerala,Palakad,Pattambi,Cucumbar(Kheera),Other,FAQ,27-08-2025,3500,4000,3800
Kerala,Palakad,Pattambi,Ginger(Green),Green Ginger,FAQ,27-08-2025,7500,8000,7800
Kerala,Palakad,Pattambi,Onion,Small,FAQ,27-08-2025,4000,4500,4200
Kerala,Palakad,Pattambi,Snakeguard,Other,FAQ,27-08-2025,3500,4000,3800
Kerala,Palakad,Pattambi,Sweet Potato,Other,FAQ,27-08-2025,3000,3500,3200
Kerala,Pathanamthitta,Erath  VFPCK,Banana,Nendra Bale,Large,27-08-2025,2400,8000,5400
Kerala,Pathanamthitta,Kuttoor,Brinjal,Brinjal,FAQ,27-08-2025,4600,5000,4800
Kerala,Pathanamthitta,Kuttoor,Cowpea(Veg),Cowpea (Veg),FAQ,27-08-2025,7600,8000,7800
Kerala,Pathanamthitta,Kuttoor,Snakeguard,Other,FAQ,27-08-2025,4600,5000,4800
Kerala,Pathanamthitta,Mezhuveli  VFPCK,Banana,Poovan,Large,27-08-2025,1600,5000,3700
Kerala,Pathanamthitta,Ranniangadi,Amaranthus,Amaranthus,FAQ,27-08-2025,3000,3400,3200
Kerala,Pathanamthitta,Ranniangadi,Ashgourd,Ashgourd,FAQ,27-08-2025,1800,2000,2000
Kerala,Thirssur,Pariyaram VFPCK,Banana,Robusta,Medium,27-08-2025,800,2600,1603
Kerala,Thirssur,Pariyaram VFPCK,Brinjal,Brinjal,FAQ,27-08-2025,2800,4000,3543
Kerala,Thiruvananthapuram,Chala,Amaranthus,Amaranthus,FAQ,27-08-2025,3000,3000,3000
Kerala,Thiruvananthapuram,Chala,Ashgourd,Other,FAQ,27-08-2025,4000,4000,4000
Kerala,Thiruvananthapuram,Chala,Banana,Palayamthodan,Medium,27-08-2025,3300,3300,3300
Kerala,Thiruvananthapuram,Chala,Banana,Robusta,Medium,27-08-2025,3600,3600,3600
Kerala,Thiruvananthapuram,Chala,Beetroot,Other,FAQ,27-08-2025,6000,6000,6000
Kerala,Thiruvananthapuram,Chala,Brinjal,Other,FAQ,27-08-2025,4400,4500,4400
Kerala,Thiruvananthapuram,Chala,Drumstick,Other,FAQ,27-08-2025,3100,3200,3100
Kerala,Thiruvananthapuram,Chala,Onion,Big,FAQ,27-08-2025,2700,2800,2700
Kerala,Thiruvananthapuram,Neyyatinkara,Bitter gourd,Bitter Gourd,FAQ,27-08-2025,6000,6500,6200
Kerala,Thiruvananthapuram,Neyyatinkara,Brinjal,Brinjal,FAQ,27-08-2025,5400,6000,5600
Kerala,Thiruvananthapuram,Neyyatinkara,Cabbage,Other,FAQ,27-08-2025,3500,4000,3600
Kerala,Thiruvananthapuram,Neyyatinkara,Colacasia,Colacasia,FAQ,27-08-2025,5400,6000,5600
Kerala,Thiruvananthapuram,Neyyatinkara,Coriander(Leaves),Coriander,FAQ,27-08-2025,6000,12000,7000
Kerala,Thiruvananthapuram,Neyyatinkara,Cucumbar(Kheera),Cucumbar,FAQ,27-08-2025,3400,4000,3600
Kerala,Thiruvananthapuram,PAPPANCHANI VFPCK,Cucumbar(Kheera),Cucumbar,FAQ,27-08-2025,38,40,39
Kerala,Thiruvananthapuram,Parassala,Beans,Beans (Whole),FAQ,27-08-2025,5800,6000,5800
Kerala,Wayanad,Manathavady,Ashgourd,Ashgourd,FAQ,27-08-2025,900,1000,1000
Kerala,Wayanad,Manathavady,Cowpea(Veg),Cowpea (Veg),FAQ,27-08-2025,2600,2700,2700
Kerala,Wayanad,Manathavady,Snakeguard,Snakeguard,FAQ,27-08-2025,2000,2100,2100
Kerala,Wayanad,Pulpally,Amaranthus,Other,FAQ,27-08-2025,2500,2700,2600
Kerala,Wayanad,Pulpally,Rubber,Other,FAQ,27-08-2025,18400,18600,18500
Madhya Pradesh,Bhind,Gohad,Wheat,Lokwan,FAQ,27-08-2025,2665,2670,2670
Madhya Pradesh,Bhopal,Bhopal,Onion,Onion-Organic,FAQ,27-08-2025,750,800,750
Madhya Pradesh,Damoh,Damoh,Soyabean,Soyabeen,FAQ,27-08-2025,4305,4305,4305
Madhya Pradesh,Dewas,Bagli,Maize,Local,Non-FAQ,27-08-2025,1855,1855,1855
Madhya Pradesh,Dewas,Kannod,Wheat,Wheat,FAQ,27-08-2025,2590,2601,2601
Madhya Pradesh,Dewas,Sonkatch,Wheat,Wheat,FAQ,27-08-2025,2550,2550,2550
Madhya Pradesh,Khandwa,Mundi,Wheat,Mill Quality,FAQ,27-08-2025,2630,2630,2630
Madhya Pradesh,Khargone,Khargone,Wheat,Wheat,FAQ,27-08-2025,2700,2700,2700
Madhya Pradesh,Mandla,Mandla,buttery,Buttery,FAQ,27-08-2025,2960,2960,2960
Madhya Pradesh,Mandla,Mandla,Green Peas,Pea,FAQ,27-08-2025,2650,2650,2650
Madhya Pradesh,Mandla,Mandla,Paddy(Dhan)(Common),Common,FAQ,27-08-2025,2005,2015,2010
Madhya Pradesh,Morena,Banmorkalan,Wheat,Wheat,Non-FAQ,27-08-2025,2500,2500,2500
Madhya Pradesh,Ratlam,Taal,Soyabean,Yellow,FAQ,27-08-2025,4198,4370,4370
Madhya Pradesh,Rewa,Chaakghat,Wheat,Mill Quality,FAQ,27-08-2025,2520,2550,2550
Madhya Pradesh,Satna,Amarpatan,Wheat,Mill Quality,FAQ,27-08-2025,2520,2520,2520
Madhya Pradesh,Satna,Satna,Wheat,Wheat,Non-FAQ,27-08-2025,2500,2508,2508
Madhya Pradesh,Shajapur,Agar,Wheat,Wheat,FAQ,27-08-2025,2583,2669,2669
Maharashtra,Ahmednagar,Rahuri,Tomato,Other,Local,27-08-2025,1500,2500,2000
Maharashtra,Ahmednagar,Shrirampur,Coriander(Leaves),Other,Local,27-08-2025,3,5,4
Maharashtra,Ahmednagar,Shrirampur,Papaya,Other,Local,27-08-2025,1000,2000,1500
Maharashtra,Ahmednagar,Shrirampur,Spinach,Other,Local,27-08-2025,5,8,6
Maharashtra,Pune,Pune(Pimpri),Bhindi(Ladies Finger),Other,Local,27-08-2025,3000,4000,3500
Maharashtra,Pune,Pune(Pimpri),Cabbage,Other,Local,27-08-2025,800,1200,1000
Nagaland,Dimapur,Nuiland,Banana - Green,Banana - Green,FAQ,27-08-2025,1500,1700,1600
Nagaland,Dimapur,Nuiland,Green Chilli,Green Chilly,FAQ,27-08-2025,8000,8300,8200
Nagaland,Kohima,Kohima,Ginger(Green),Green Ginger,FAQ,27-08-2025,15000,15200,15100
Nagaland,Mokokchung,Mangkolemba,Cabbage,Other,FAQ,27-08-2025,2500,3500,3000
Nagaland,Tsemenyu,Tsemenyu,Green Chilli,Green Chilly,FAQ,27-08-2025,6000,7000,6500
Nagaland,Tsemenyu,Tsemenyu,Pumpkin,pumpkin-Organic,FAQ,27-08-2025,2300,2700,2500
Nagaland,Tsemenyu,Tsemenyu,Yam (Ratalu),Yam (Ratalu),FAQ,27-08-2025,4000,5000,4500
Odisha,Boudh,Khunthabandha,Bitter gourd,Other,FAQ,27-08-2025,3800,4300,4000
Odisha,Dhenkanal,Hindol,Potato,Potato,Non-FAQ,27-08-2025,1700,2000,1800
Odisha,Dhenkanal,Hindol,Ridgeguard(Tori),Other,FAQ,27-08-2025,5500,6000,5800
Punjab,Amritsar,Rayya,Brinjal,Brinjal,FAQ,27-08-2025,2000,2000,2000
Punjab,Amritsar,Rayya,Cauliflower,Local,FAQ,27-08-2025,2800,2800,2800
Punjab,Fazilka,Fazilka,Cauliflower,Other,FAQ,27-08-2025,3000,5000,4000
Punjab,Fazilka,Fazilka,Garlic,Other,FAQ,27-08-2025,10000,15000,13000
Punjab,Fazilka,Fazilka,Green Chilli,Other,FAQ,27-08-2025,5000,7000,6000
Punjab,Ferozpur,Zira,Apple,American,Large,27-08-2025,5000,5500,5300
Punjab,Ferozpur,Zira,Bhindi(Ladies Finger),Bhindi,FAQ,27-08-2025,3000,3500,3300
Punjab,Ferozpur,Zira,Colacasia,Colacasia,FAQ,27-08-2025,1000,1600,1300
Punjab,Ferozpur,Zira,Guava,Guava,Large,27-08-2025,2000,2500,2300
Punjab,Ferozpur,Zira,Tomato,Local,FAQ,27-08-2025,3000,4000,3500
Punjab,Hoshiarpur,Garh Shankar,Pomegranate,Other,Large,27-08-2025,6000,7000,6500
Punjab,Hoshiarpur,Garh Shankar,Potato,Other,FAQ,27-08-2025,800,1000,900
Punjab,Hoshiarpur,Garh Shankar,Tomato,Deshi,FAQ,27-08-2025,2300,3000,2500
Punjab,Hoshiarpur,GarhShankar (Kotfatuhi),Green Chilli,Other,FAQ,27-08-2025,4000,5000,4500
Punjab,Hoshiarpur,GarhShankar (Kotfatuhi),Tomato,Other,FAQ,27-08-2025,2800,3500,3000
Punjab,Hoshiarpur,Tanda Urmur,Pumpkin,Other,FAQ,27-08-2025,1000,1500,1200
Punjab,Jalandhar,Bilga,Brinjal,Other,FAQ,27-08-2025,3800,4000,3900
Punjab,Jalandhar,Bilga,Onion,Other,FAQ,27-08-2025,1800,2000,1900
Punjab,Jalandhar,Bilga,Ridgeguard(Tori),Other,FAQ,27-08-2025,2800,3000,2900
Punjab,Ludhiana,Doraha,Capsicum,Capsicum,FAQ,27-08-2025,700,700,700
Punjab,Ludhiana,Doraha,Tomato,Other,Non-FAQ,27-08-2025,2800,3500,3250
Punjab,Ludhiana,Khanna,Bhindi(Ladies Finger),Other,FAQ,27-08-2025,1000,2000,1500
Punjab,Ludhiana,Khanna,Bottle gourd,Other,FAQ,27-08-2025,1000,1700,1500
Punjab,Ludhiana,Ludhiana,Apple,Other,Medium,27-08-2025,2500,8000,3000
Punjab,Ludhiana,Ludhiana,Brinjal,Other,FAQ,27-08-2025,1000,1800,1500
Punjab,Ludhiana,Ludhiana,Capsicum,Other,FAQ,27-08-2025,2000,3000,2500
Punjab,Ludhiana,Ludhiana,Lemon,Other,FAQ,27-08-2025,2000,3000,2500
Punjab,Ludhiana,Ludhiana,Onion,Other,FAQ,27-08-2025,500,1400,1000
Punjab,Ludhiana,Ludhiana,Peas Wet,Other,FAQ,27-08-2025,2000,6000,3500
Punjab,Ludhiana,Ludhiana,Ridgeguard(Tori),Other,FAQ,27-08-2025,500,1800,1200
Punjab,Moga,Kot ise Khan,Potato,Other,FAQ,27-08-2025,1000,1200,1100
Punjab,Mohali,Kurali,Apple,Apple,Medium,27-08-2025,8000,9500,8800
Punjab,Mohali,Kurali,Cauliflower,Cauliflower,FAQ,27-08-2025,2500,3000,2800
Punjab,Mohali,Kurali,Garlic,Other,FAQ,27-08-2025,7500,8000,7800
Punjab,Mohali,Kurali,Tomato,Other,FAQ,27-08-2025,3800,4000,3900
Punjab,Ropar (Rupnagar),Chamkaur Sahib,Banana,Other,Medium,27-08-2025,2900,3000,2950
Punjab,Ropar (Rupnagar),Chamkaur Sahib,Cucumbar(Kheera),Other,FAQ,27-08-2025,2900,3000,2950
Punjab,Ropar (Rupnagar),Chamkaur Sahib,Garlic,Average,FAQ,27-08-2025,5900,6000,5950
Punjab,Ropar (Rupnagar),Chamkaur Sahib,Peas Wet,Other,FAQ,27-08-2025,7900,8000,7950
Punjab,Sangrur,Ahmedgarh,Tinda,Other,FAQ,27-08-2025,5000,5300,5300
Punjab,Tarntaran,Naushera Pannuan,Carrot,Other,FAQ,27-08-2025,2000,2000,2000
Punjab,Tarntaran,Naushera Pannuan,Pumpkin,Other,FAQ,27-08-2025,1000,1000,1000
Punjab,Tarntaran,Patti,Brinjal,Other,FAQ,27-08-2025,1800,2200,2000
Punjab,Tarntaran,Patti,Potato,Other,FAQ,27-08-2025,1200,1600,1400
Punjab,Tarntaran,Tarantaran,Brinjal,Other,FAQ,27-08-2025,2200,2600,2500
Punjab,Tarntaran,Tarantaran,Garlic,Average,FAQ,27-08-2025,4000,5000,4500
Punjab,Tarntaran,Tarantaran,Pumpkin,Other,FAQ,27-08-2025,1600,2000,1800
Rajasthan,Churu,Churu,Onion,1st Sort,FAQ,27-08-2025,1300,1500,1400
Rajasthan,Dungarpur,Dungarpur,Onion,1st Sort,FAQ,27-08-2025,2500,3000,2800
Rajasthan,Ganganagar,Sri Karanpur,Mustard,Other,FAQ,27-08-2025,6500,6713,6700
Rajasthan,Ganganagar,Sriganganagar (F&V),Apple,Apple,Medium,27-08-2025,7800,8200,8000
Rajasthan,Ganganagar,Sriganganagar (F&V),Brinjal,Brinjal,FAQ,27-08-2025,1700,2100,1900
Rajasthan,Ganganagar,Sriganganagar (F&V),Garlic,Garlic,FAQ,27-08-2025,7300,7700,7500
Rajasthan,Ganganagar,Sriganganagar (F&V),Mango,Other,Medium,27-08-2025,10300,10700,10500
Rajasthan,Ganganagar,Sriganganagar (F&V),Pumpkin,Other,FAQ,27-08-2025,1000,1400,1200
Rajasthan,Ganganagar,Sriganganagar (F&V),Tinda,Other,FAQ,27-08-2025,2300,2700,2500
Rajasthan,Jaipur Rural,Bassi,Bengal Gram(Gram)(Whole),999,Non-FAQ,27-08-2025,5540,5558,5549
Rajasthan,Jaisalmer,Jaisalmer,Onion,Other,Non-FAQ,27-08-2025,1300,1500,1400
Rajasthan,Nagaur,Nagaur(Jayal),Green Gram (Moong)(Whole),Other,FAQ,27-08-2025,6000,7000,6500
Telangana,Hyderabad,Bowenpally,Amla(Nelli Kai),Amla,FAQ,27-08-2025,5000,10000,8000
Telangana,Hyderabad,Bowenpally,Potato,(Red Nanital),FAQ,27-08-2025,1000,2000,1800
Tripura,Gomati,Nutanbazar,Ginger(Green),Green Ginger,FAQ,27-08-2025,9850,10000,9950
Tripura,Gomati,Nutanbazar,Green Chilli,Green Chilly,FAQ,27-08-2025,18500,20000,19500
Tripura,North Tripura,Dasda,Brinjal,Round/Long,FAQ,27-08-2025,1500,1700,1600
Tripura,North Tripura,Dasda,Onion,Onion,FAQ,27-08-2025,2800,3000,2900
Uttar Pradesh,Agra,Fatehabad,Bhindi(Ladies Finger),Bhindi,FAQ,27-08-2025,500,700,700
Uttar Pradesh,Agra,Fatehabad,Cucumbar(Kheera),Cucumbar,FAQ,27-08-2025,1500,1800,1700
Uttar Pradesh,Agra,Fatehabad,Green Chilli,Green Chilly,FAQ,27-08-2025,2000,2600,2400
Uttar Pradesh,Agra,Jagnair,Cauliflower,Cauliflower,FAQ,27-08-2025,3500,3700,3600
Uttar Pradesh,Agra,Jagnair,Pumpkin,Pumpkin,FAQ,27-08-2025,700,800,750
Uttar Pradesh,Aligarh,Aligarh,Onion,Red,FAQ,27-08-2025,1300,1400,1350
Uttar Pradesh,Aligarh,Atrauli,Bottle gourd,Bottle Gourd,FAQ,27-08-2025,1000,1100,1050
Uttar Pradesh,Aligarh,Atrauli,Brinjal,Brinjal,FAQ,27-08-2025,1200,1300,1250
Uttar Pradesh,Aligarh,Atrauli,Maize,Hybrid,FAQ,27-08-2025,1900,2000,1950
Uttar Pradesh,Aligarh,Atrauli,Potato,Desi,FAQ,27-08-2025,1500,1600,1550
Uttar Pradesh,Aligarh,Atrauli,Pumpkin,Pumpkin,FAQ,27-08-2025,1100,1200,1150
Uttar Pradesh,Aligarh,Charra,Bajra(Pearl Millet/Cumbu),Hybrid,FAQ,27-08-2025,2100,2200,2150
Uttar Pradesh,Aligarh,Khair,Apple,Delicious,Small,27-08-2025,7500,8500,7800
Uttar Pradesh,Aligarh,Khair,Bajra(Pearl Millet/Cumbu),Hybrid,Non-FAQ,27-08-2025,1700,1950,1850
Uttar Pradesh,Aligarh,Khair,Banana,Banana - Ripe,Small,27-08-2025,1800,2200,2000
Uttar Pradesh,Aligarh,Khair,Green Chilli,Green Chilly,FAQ,27-08-2025,2000,2500,2200
Uttar Pradesh,Amethi,Sultanpur,Arhar Dal(Tur Dal),Arhar Dal(Tur),FAQ,27-08-2025,10300,10355,10330
Uttar Pradesh,Amethi,Sultanpur,Banana - Green,Banana - Green,FAQ,27-08-2025,1730,1780,1750
Uttar Pradesh,Amethi,Sultanpur,Cucumbar(Kheera),Cucumbar,FAQ,27-08-2025,1915,1940,1925
Uttar Pradesh,Amroha,Dhanaura,Cauliflower,Cauliflower,FAQ,27-08-2025,1000,1500,1200
Uttar Pradesh,Amroha,Dhanaura,Onion,Medium,Non-FAQ,27-08-2025,1000,1500,1200
Uttar Pradesh,Amroha,Dhanaura,Raddish,Other,FAQ,27-08-2025,1000,1400,1200
Uttar Pradesh,Amroha,Dhanaura,Wheat,Dara,Non-FAQ,27-08-2025,2480,2520,2500
Uttar Pradesh,Amroha,Hasanpur,Capsicum,Capsicum,FAQ,27-08-2025,1410,1500,1450
Uttar Pradesh,Amroha,Hasanpur,Cauliflower,Local,FAQ,27-08-2025,2100,3000,2520
Uttar Pradesh,Amroha,Hasanpur,Ridgeguard(Tori),Other,FAQ,27-08-2025,1410,1500,1450
Uttar Pradesh,Ayodhya,Faizabad,Brinjal,Round/Long,FAQ,27-08-2025,1550,1730,1670
Uttar Pradesh,Ayodhya,Faizabad,Rice,Coarse,FAQ,27-08-2025,3080,3230,3180
Uttar Pradesh,Ayodhya,Faizabad,Wheat,Dara,FAQ,27-08-2025,2500,2650,2585
Uttar Pradesh,Badaun,Babrala,Maize,Deshi Red,Non-FAQ,27-08-2025,1930,1950,1940
Uttar Pradesh,Badaun,Dataganj,Wheat,Dara,FAQ,27-08-2025,2450,2500,2480
Uttar Pradesh,Badaun,Shahaswan,Banana - Green,Banana - Green,FAQ,27-08-2025,1500,1700,1600
Uttar Pradesh,Balrampur,Panchpedwa,Apple,Delicious,Medium,27-08-2025,7500,8500,8000
Uttar Pradesh,Bareilly,Anwala,Onion,Red,FAQ,27-08-2025,1200,1500,1400
Uttar Pradesh,Bareilly,Anwala,Potato,Desi,FAQ,27-08-2025,800,1000,900
Uttar Pradesh,Bulandshahar,Divai,Tomato,Deshi,FAQ,27-08-2025,3800,4000,3900
Uttar Pradesh,Bulandshahar,Gulavati,Brinjal,Other,FAQ,27-08-2025,700,900,800
Uttar Pradesh,Bulandshahar,Gulavati,Ginger(Green),Green Ginger,FAQ,27-08-2025,6100,6300,6200
Uttar Pradesh,Bulandshahar,Sikarpur,Garlic,Garlic,FAQ,27-08-2025,6800,7000,6900
Uttar Pradesh,Bulandshahar,Sikarpur,Ginger(Green),Green Ginger,FAQ,27-08-2025,4800,5000,4900
Uttar Pradesh,Bulandshahar,Sikarpur,Tomato,Deshi,FAQ,27-08-2025,4800,5000,4900
Uttar Pradesh,Etah,Awagarh,Bhindi(Ladies Finger),Bhindi,FAQ,27-08-2025,1000,1250,1100
Uttar Pradesh,Etah,Awagarh,Brinjal,Round/Long,FAQ,27-08-2025,1000,1250,1100
Uttar Pradesh,Etawah,Bharthna,Onion,Red,FAQ,27-08-2025,1410,1610,1510
Uttar Pradesh,Firozabad,Firozabad,Arhar Dal(Tur Dal),Arhar Dal(Tur),FAQ,27-08-2025,9400,9625,9530
Uttar Pradesh,Firozabad,Firozabad,Brinjal,Brinjal,FAQ,27-08-2025,1560,1765,1670
Uttar Pradesh,Firozabad,Firozabad,Cucumbar(Kheera),Cucumbar,FAQ,27-08-2025,1485,1710,1600
Uttar Pradesh,Firozabad,Firozabad,Lentil (Masur)(Whole),Masoor Gola,FAQ,27-08-2025,7100,7240,7180
Uttar Pradesh,Firozabad,Tundla,Brinjal,Round,FAQ,27-08-2025,1525,1565,1550
Uttar Pradesh,Firozabad,Tundla,Rice,III,FAQ,27-08-2025,3510,3550,3525
Uttar Pradesh,Gorakhpur,Sehjanwa,Onion,Red,FAQ,27-08-2025,3290,3305,3300
Uttar Pradesh,Jalaun (Orai),Jalaun,Bitter gourd,Bitter Gourd,FAQ,27-08-2025,2000,2000,2000
Uttar Pradesh,Jalaun (Orai),Jalaun,Bottle gourd,Bottle Gourd,FAQ,27-08-2025,1000,1000,1000
Uttar Pradesh,Jalaun (Orai),Jalaun,Cucumbar(Kheera),Cucumbar,FAQ,27-08-2025,1400,1600,1500
Uttar Pradesh,Jalaun (Orai),Madhogarh,Wheat,Dara,Non-FAQ,27-08-2025,2450,2500,2475
Uttar Pradesh,Jhansi,Moth,Potato,Desi,FAQ,27-08-2025,1150,1300,1220
Uttar Pradesh,Kaushambi,Bharwari,Potato,Desi,FAQ,27-08-2025,700,1000,850
Uttar Pradesh,Khiri (Lakhimpur),Maigalganj,Apple,Kasmir/Shimla - II,Medium,27-08-2025,8100,8150,8125
Uttar Pradesh,Khiri (Lakhimpur),Maigalganj,Brinjal,Other,FAQ,27-08-2025,1900,1950,1925
Uttar Pradesh,Khiri (Lakhimpur),Maigalganj,Cabbage,Cabbage,FAQ,27-08-2025,1620,1660,1640
Uttar Pradesh,Khiri (Lakhimpur),Maigalganj,Lemon,Lemon,FAQ,27-08-2025,4200,4250,4225
Uttar Pradesh,Maharajganj,Nautnava,Apple,Delicious,Medium,27-08-2025,7000,7200,7100
Uttar Pradesh,Maharajganj,Nautnava,Mousambi(Sweet Lime),Mousambi,Medium,27-08-2025,2300,2500,2400
Uttar Pradesh,Maharajganj,Nautnava,Potato,Desi,FAQ,27-08-2025,800,1000,900
Uttar Pradesh,Mahoba,Mahoba,Bitter gourd,Bitter Gourd,FAQ,27-08-2025,1550,1650,1600
Uttar Pradesh,Mahoba,Mahoba,Mousambi(Sweet Lime),Mousambi,Medium,27-08-2025,3500,3600,3550
Uttar Pradesh,Mainpuri,Ghiraur,Bengal Gram(Gram)(Whole),Desi (Whole),FAQ,27-08-2025,6600,6760,6655
Uttar Pradesh,Mainpuri,Ghiraur,Maize,Yellow,FAQ,27-08-2025,2140,2330,2230
Uttar Pradesh,Mau(Maunathbhanjan),Doharighat,Masur Dal,Kala Masoor New,FAQ,27-08-2025,9000,9100,9045
Uttar Pradesh,Mau(Maunathbhanjan),Doharighat,Rice,1009 Kar,FAQ,27-08-2025,3900,4000,3955
Uttar Pradesh,Mau(Maunathbhanjan),Kopaganj,Banana,Medium,Medium,27-08-2025,1000,1200,1100
Uttar Pradesh,Mau(Maunathbhanjan),Kopaganj,Bottle gourd,Bottle Gourd,FAQ,27-08-2025,900,1000,950
Uttar Pradesh,Mau(Maunathbhanjan),Kopaganj,Tomato,Hybrid,FAQ,27-08-2025,2000,2200,2100
Uttar Pradesh,Prayagraj,Ajuha,Potato,Desi,FAQ,27-08-2025,920,1040,980
Uttar Pradesh,Prayagraj,Allahabad,Banana - Green,Banana - Green,FAQ,27-08-2025,1720,1800,1775
Uttar Pradesh,Prayagraj,Allahabad,Carrot,Carrot,FAQ,27-08-2025,1730,1800,1760
Uttar Pradesh,Prayagraj,Allahabad,Ginger(Green),Green Ginger,FAQ,27-08-2025,3940,4000,3975
Uttar Pradesh,Prayagraj,Allahabad,Lemon,Lemon,FAQ,27-08-2025,4560,4680,4630
Uttar Pradesh,Prayagraj,Allahabad,Mousambi(Sweet Lime),Mousambi,Medium,27-08-2025,3400,3500,3445
Uttar Pradesh,Raebarelli,Bachranwa,Arhar Dal(Tur Dal),Arhar Dal(Tur),FAQ,27-08-2025,9900,10000,9950
Uttar Pradesh,Raebarelli,Bachranwa,Tomato,Hybrid,FAQ,27-08-2025,3800,3900,3850
Uttar Pradesh,Raebarelli,Bachranwa,Wheat,Dara,FAQ,27-08-2025,2535,2565,2550
Uttar Pradesh,Sant Kabir Nagar,Khalilabad,Bhindi(Ladies Finger),Bhindi,FAQ,27-08-2025,1600,1800,1700
Uttar Pradesh,Shravasti,Payagpur,Green Chilli,Green Chilly,FAQ,27-08-2025,4800,5000,4900
Uttar Pradesh,Shravasti,Payagpur,Little gourd (Kundru),Little gourd (Kundru),FAQ,27-08-2025,900,1200,1000
Uttar Pradesh,Shravasti,Payagpur,Onion,Red,FAQ,27-08-2025,1600,1800,1700
Uttar Pradesh,Sitapur,Hargaon (Laharpur),Potato,Local,FAQ,27-08-2025,800,900,850
Uttrakhand,Dehradoon,Vikasnagar,Bottle gourd,Other,FAQ,27-08-2025,500,800,800
Uttrakhand,Dehradoon,Vikasnagar,Jack Fruit,Other,Medium,27-08-2025,600,600,600
Uttrakhand,Dehradoon,Vikasnagar,Onion,Other,Non-FAQ,27-08-2025,1400,1400,1400
Uttrakhand,Haridwar,Bhagwanpur(Naveen Mandi Sthal),Cucumbar(Kheera),Other,FAQ,27-08-2025,500,800,600
Uttrakhand,Haridwar,Haridwar Union,Green Chilli,Green Chilly,FAQ,27-08-2025,2000,3000,2500
Uttrakhand,Haridwar,Haridwar Union,Mousambi(Sweet Lime),Mousambi,Medium,27-08-2025,2500,4000,3000
Uttrakhand,Haridwar,Haridwar Union,Onion,Onion,FAQ,27-08-2025,1200,2000,1500
Uttrakhand,Haridwar,Haridwar Union,Tomato,Hybrid,FAQ,27-08-2025,4000,5000,4500
Uttrakhand,Haridwar,Manglaur,Bhindi(Ladies Finger),Bhindi,FAQ,27-08-2025,1200,1700,1500
Uttrakhand,Haridwar,Manglaur,Tomato,Other,FAQ,27-08-2025,1500,2400,2000
Uttrakhand,Haridwar,Roorkee,Beans,Beans (Whole),FAQ,27-08-2025,450,700,550
Uttrakhand,Haridwar,Roorkee,Bottle gourd,Other,FAQ,27-08-2025,500,700,600
Uttrakhand,Haridwar,Roorkee,Brinjal,Other,FAQ,27-08-2025,450,650,550
Uttrakhand,Haridwar,Roorkee,Carrot,Other,FAQ,27-08-2025,700,1000,800
Uttrakhand,Haridwar,Roorkee,Cauliflower,Other,FAQ,27-08-2025,750,1000,850
Uttrakhand,Haridwar,Roorkee,Pumpkin,Other,FAQ,27-08-2025,400,600,500
Uttrakhand,UdhamSinghNagar,Rudrapur,Brinjal,Other,FAQ,27-08-2025,1200,2000,1500
Uttrakhand,UdhamSinghNagar,Rudrapur,Guava,Other,Medium,27-08-2025,2000,4000,3000
Uttrakhand,UdhamSinghNagar,Rudrapur,Onion,Other,FAQ,27-08-2025,1800,2000,1900
Uttrakhand,UdhamSinghNagar,Sitarganj,Banana,Other,Medium,27-08-2025,2000,2500,2200
West Bengal,Bankura,Bankura Sadar,Masur Dal,Masur Dal,FAQ,27-08-2025,8500,9700,9600
West Bengal,Bankura,Bankura Sadar,Onion,Nasik,FAQ,27-08-2025,1900,2100,2000
West Bengal,Bankura,Bankura Sadar,Sweet Pumpkin,Sweet Pumpkin,FAQ,27-08-2025,1850,2050,2000
West Bengal,Dakshin Dinajpur,Balurghat,Rice,Common,FAQ,27-08-2025,3600,3700,3650
West Bengal,Jalpaiguri,Jalpaiguri Sadar,Bitter gourd,Bitter Gourd,FAQ,27-08-2025,4500,4700,4600
West Bengal,Jalpaiguri,Jalpaiguri Sadar,Bitter gourd,Other,FAQ,27-08-2025,3000,3200,3100
West Bengal,Jalpaiguri,Jalpaiguri Sadar,Brinjal,Round/Long,FAQ,27-08-2025,3000,3200,3100
West Bengal,Jalpaiguri,Jalpaiguri Sadar,Potato,Jyoti,FAQ,27-08-2025,1150,1250,1200
West Bengal,Jhargram,Jhargram,Brinjal,Round/Long,FAQ,27-08-2025,5000,5500,5200
West Bengal,Jhargram,Jhargram,Mustard Oil,Mustard Oil,FAQ,27-08-2025,15800,16500,16200
West Bengal,Medinipur(W),Ghatal,Rice,Common,FAQ,27-08-2025,3600,3800,3700
West Bengal,Murshidabad,Jiaganj,Mustard,Yellow (Black),FAQ,27-08-2025,6400,6500,6450
West Bengal,Murshidabad,Jiaganj,Paddy(Dhan)(Common),Other,FAQ,27-08-2025,2300,2400,2350
West Bengal,Murshidabad,Jiaganj,Rice,Fine,FAQ,27-08-2025,3500,3600,3550
Bihar,Bhojpur,Aarah,Potato,Jyoti,FAQ,27-08-2025,2200,2600,2400
Gujarat,Amreli,Bagasara,Bengal Gram(Gram)(Whole),Average (Whole),Non-FAQ,27-08-2025,5450,5565,5507
Gujarat,Amreli,Bagasara,"Sesamum(Sesame,Gingelly,Til)",White,Non-FAQ,27-08-2025,7000,9475,8237
Gujarat,Amreli,Bagasara,Soyabean,Yellow,Non-FAQ,27-08-2025,3500,4125,3812
Gujarat,Amreli,Damnagar,Cauliflower,Cauliflower,FAQ,27-08-2025,850,1550,1200
Gujarat,Amreli,Damnagar,Guar,Gwar,FAQ,27-08-2025,650,1550,1200
Gujarat,Amreli,Savarkundla,Cummin Seed(Jeera),Cummin Seed(Jeera),FAQ,27-08-2025,17000,18055,17500
Gujarat,Amreli,Savarkundla,Groundnut,Bold,Non-FAQ,27-08-2025,4750,5165,5000
Gujarat,Amreli,Savarkundla,"Sesamum(Sesame,Gingelly,Til)",White,FAQ,27-08-2025,7500,9775,8625
Gujarat,Chhota Udaipur,Bodeliu,Cotton,Shanker 6 (B) 30mm FIne,FAQ,27-08-2025,6921,6970,6951
Gujarat,Chhota Udaipur,Modasar        ,Cotton,Shanker 6 (B) 30mm FIne,FAQ,27-08-2025,6875,7025,6950
Gujarat,Gandhinagar,Dehgam,Bajra(Pearl Millet/Cumbu),Other,FAQ,27-08-2025,2535,2670,2602
Gujarat,Jamnagar,Dhrol,Bengal Gram(Gram)(Whole),Other,FAQ,27-08-2025,5170,5475,5325
Gujarat,Jamnagar,Dhrol,Green Gram (Moong)(Whole),Other,FAQ,27-08-2025,6700,7875,7290
Gujarat,Jamnagar,Dhrol,Wheat,Other,FAQ,27-08-2025,2275,2680,2480
Gujarat,Navsari,Navsari,Cauliflower,African Sarson,FAQ,27-08-2025,3000,3500,3250
Gujarat,Navsari,Navsari,Cowpea(Veg),Cowpea (Veg),FAQ,27-08-2025,4000,5000,4500
Gujarat,Navsari,Navsari,Green Chilli,Green Chilly,FAQ,27-08-2025,2000,4000,3000
Gujarat,Navsari,Navsari,Lemon,Lemon,FAQ,27-08-2025,4000,5000,4500
Gujarat,Rajkot,Dhoraji,"Sesamum(Sesame,Gingelly,Til)",White,Non-FAQ,27-08-2025,7000,9255,9055
Gujarat,Rajkot,Dhoraji,Soyabean,Yellow,Non-FAQ,27-08-2025,3750,4380,4380
Gujarat,Rajkot,Rajkot(Veg.Sub Yard),Onion,Onion,FAQ,27-08-2025,350,1550,1050
Gujarat,Rajkot,Rajkot(Veg.Sub Yard),Tomato,Tomato,FAQ,27-08-2025,1000,5000,3000
Gujarat,Surendranagar,Chotila,Wheat,Local,Non-FAQ,27-08-2025,2250,2650,2450
Gujarat,Surendranagar,Dhragradhra,"Sesamum(Sesame,Gingelly,Til)",White,FAQ,27-08-2025,7210,9110,8750
Gujarat,Surendranagar,Dhragradhra,Soanf,Soanf,FAQ,27-08-2025,6700,7090,7000
Gujarat,Vadodara(Baroda),Padra,Bottle gourd,Other,FAQ,27-08-2025,1000,2500,1750
Gujarat,Vadodara(Baroda),Padra,Brinjal,Other,FAQ,27-08-2025,1500,3250,2500
Gujarat,Vadodara(Baroda),Padra,Cabbage,Other,FAQ,27-08-2025,1000,1500,1250
Gujarat,Vadodara(Baroda),Padra,Colacasia,Other,FAQ,27-08-2025,2500,3750,3150
Gujarat,Vadodara(Baroda),Padra,Coriander(Leaves),Other,FAQ,27-08-2025,1000,2500,1750
Gujarat,Vadodara(Baroda),Padra,Ginger(Green),Other,FAQ,27-08-2025,3000,4500,3750
Gujarat,Vadodara(Baroda),Padra,Little gourd (Kundru),Other,FAQ,27-08-2025,1500,3500,2500
Gujarat,Vadodara(Baroda),Padra,Pumpkin,Other,FAQ,27-08-2025,400,600,500
Gujarat,Vadodara(Baroda),Padra,Tomato,Other,FAQ,27-08-2025,1500,2500,2000
Haryana,Bhiwani,Bhiwani,Bottle gourd,Bottle Gourd,FAQ,27-08-2025,510,700,620
Haryana,Bhiwani,Bhiwani,Onion,Other,FAQ,27-08-2025,1340,2104,1680
Haryana,Hissar,Barwala(Hisar),Cucumbar(Kheera),Other,FAQ,27-08-2025,1800,2000,1900
Haryana,Hissar,Barwala(Hisar),Ridgeguard(Tori),Other,FAQ,27-08-2025,2300,2500,2400
Haryana,Hissar,Barwala(Hisar),Tinda,Other,FAQ,27-08-2025,4500,5000,4800
Haryana,Hissar,Hansi,Bitter gourd,Other,FAQ,27-08-2025,3000,4000,3500
Haryana,Hissar,Hansi,Bottle gourd,Other,FAQ,27-08-2025,1000,1500,1200
Haryana,Hissar,Hansi,Capsicum,Other,FAQ,27-08-2025,5000,7000,6000
Haryana,Hissar,Hansi,Onion,Other,Non-FAQ,27-08-2025,1500,2500,2000
Haryana,Hissar,Hansi,Pear(Marasebu),Other,Medium,27-08-2025,6000,10000,8000
Haryana,Hissar,Hansi,Pumpkin,Other,FAQ,27-08-2025,1000,1500,1200
Haryana,Hissar,Uklana,Mousambi(Sweet Lime),Mousambi,Medium,27-08-2025,4000,4500,4500
Haryana,Hissar,Uklana,Potato,Potato,FAQ,27-08-2025,800,900,900
Haryana,Mahendragarh-Narnaul,Narnaul,Bottle gourd,Bottle Gourd,FAQ,27-08-2025,1000,1500,1500
Haryana,Mahendragarh-Narnaul,Narnaul,Brinjal,Brinjal,FAQ,27-08-2025,1000,2000,1700
Haryana,Mahendragarh-Narnaul,Narnaul,Garlic,Garlic,FAQ,27-08-2025,10000,10000,10000
Haryana,Mahendragarh-Narnaul,Narnaul,Pomegranate,Pomogranate,Medium,27-08-2025,7000,12000,12000
Haryana,Mahendragarh-Narnaul,Narnaul,Tomato,Tomato,FAQ,27-08-2025,3500,4000,4000
Haryana,Panchkula,Raipur Rai,Capsicum,Capsicum,FAQ,27-08-2025,1800,2000,1800
Haryana,Panipat,Panipat,Apple,Other,Medium,27-08-2025,3000,9000,6000
Haryana,Panipat,Panipat,Cabbage,Other,FAQ,27-08-2025,1000,1500,1250
Haryana,Panipat,Panipat,Cucumbar(Kheera),Other,FAQ,27-08-2025,800,2000,1400
Haryana,Panipat,Panipat,Potato,Other,FAQ,27-08-2025,600,1200,900
Haryana,Panipat,Samalkha,Bottle gourd,Bottle Gourd,FAQ,27-08-2025,1200,1200,1200
Haryana,Panipat,Samalkha,Cauliflower,Cauliflower,FAQ,27-08-2025,2000,2000,2000
Haryana,Panipat,Samalkha,Colacasia,Colacasia,FAQ,27-08-2025,2000,2000,2000
Haryana,Panipat,Samalkha,Green Chilli,Green Chilly,FAQ,27-08-2025,5800,5800,5800
Haryana,Panipat,Samalkha,Pumpkin,Pumpkin,FAQ,27-08-2025,1500,1500,1500
Haryana,Panipat,Samalkha,Tomato,Local,FAQ,27-08-2025,3000,3000,3000
Haryana,Rohtak,Meham,Guava,Guava,Medium,27-08-2025,800,1500,1000
Haryana,Rohtak,Meham,Mousambi(Sweet Lime),Mousambi,Medium,27-08-2025,2600,2600,2600
Haryana,Rohtak,Meham,Onion,Other,FAQ,27-08-2025,1700,1700,1700
Haryana,Rohtak,Meham,Spinach,Other,FAQ,27-08-2025,3000,3000,3000
Haryana,Rohtak,Meham,Tomato,Deshi,FAQ,27-08-2025,3500,3500,3500
Haryana,Rohtak,Sampla,Onion,Other,FAQ,27-08-2025,2000,2000,2000
Haryana,Sirsa,kalanwali,Ridgeguard(Tori),Other,FAQ,27-08-2025,1500,1500,1500
Haryana,Sonipat,Ganaur,Apple,Other,Medium,27-08-2025,6000,7000,6500
Haryana,Sonipat,Ganaur,Cauliflower,Other,FAQ,27-08-2025,4500,5000,4800
Haryana,Sonipat,Ganaur,Guava,Other,Medium,27-08-2025,1600,1800,1600
Haryana,Sonipat,Ganaur,Onion,Onion,FAQ,27-08-2025,1800,2000,1800
Haryana,Sonipat,Ganaur,Pumpkin,Pumpkin,FAQ,27-08-2025,1400,1500,1400
Haryana,Sonipat,Ganaur,Raddish,Raddish,FAQ,27-08-2025,1800,2000,1800
Haryana,Sonipat,Gohana,Banana - Green,Other,FAQ,27-08-2025,2000,3000,2500
Haryana,Sonipat,Gohana,Peas cod,Other,FAQ,27-08-2025,8000,10000,9000
Haryana,Yamuna Nagar,Chhachrauli,Pumpkin,Pumpkin,FAQ,27-08-2025,1000,1000,1000
Haryana,Yamuna Nagar,Chhachrauli,Ridgeguard(Tori),Ridgeguard(Tori),FAQ,27-08-2025,1500,2200,1500
Haryana,Yamuna Nagar,Radaur,Banana,Other,Medium,27-08-2025,3000,3200,3100
Haryana,Yamuna Nagar,Radaur,Cabbage,Other,FAQ,27-08-2025,1300,1500,1400
Haryana,Yamuna Nagar,Sadhaura,Bitter gourd,Bitter Gourd,FAQ,27-08-2025,2000,3000,2500
Haryana,Yamuna Nagar,Sadhaura,Bottle gourd,Bottle Gourd,FAQ,27-08-2025,1400,2000,1500
Haryana,Yamuna Nagar,Sadhaura,Capsicum,Capsicum,FAQ,27-08-2025,3000,4500,4000
Haryana,Yamuna Nagar,Sadhaura,Cucumbar(Kheera),Cucumbar,FAQ,27-08-2025,2000,2000,2000
Haryana,Yamuna Nagar,Sadhaura,Pomegranate,Other,Large,27-08-2025,9000,9000,9000
Haryana,Yamuna Nagar,Sadhaura,Potato,Other,FAQ,27-08-2025,700,1000,800
Haryana,Yamuna Nagar,Sadhaura,Pumpkin,Other,FAQ,27-08-2025,700,1000,800
Himachal Pradesh,Hamirpur,Hamirpur,Banana,Other,Medium,27-08-2025,4000,4600,4300
Himachal Pradesh,Hamirpur,Hamirpur,Lemon,Other,FAQ,27-08-2025,6000,6000,6000
Himachal Pradesh,Hamirpur,Hamirpur,Pomegranate,Other,Medium,27-08-2025,14000,18000,16000
Himachal Pradesh,Hamirpur,Hamirpur(Nadaun),Banana,Other,Medium,27-08-2025,4000,4600,4300
Himachal Pradesh,Hamirpur,Hamirpur(Nadaun),Capsicum,Other,FAQ,27-08-2025,8000,10000,9000
Himachal Pradesh,Hamirpur,Hamirpur(Nadaun),Cauliflower,Other,FAQ,27-08-2025,5000,6000,5500
Himachal Pradesh,Hamirpur,Hamirpur(Nadaun),Papaya,Other,Medium,27-08-2025,5000,5500,5200
Himachal Pradesh,Kangra,Dharamshala,Cabbage,Other,FAQ,27-08-2025,3000,4000,3500
Himachal Pradesh,Kangra,Dharamshala,Garlic,Other,FAQ,27-08-2025,10000,12000,11000
Himachal Pradesh,Kangra,Kangra,Carrot,Other,FAQ,27-08-2025,2400,2500,2500
Himachal Pradesh,Kangra,Kangra,Cucumbar(Kheera),Other,FAQ,27-08-2025,2500,3000,2700
Himachal Pradesh,Kangra,Kangra,Garlic,Average,FAQ,27-08-2025,10000,12000,11000
Himachal Pradesh,Kangra,Kangra,Mousambi(Sweet Lime),Other,Medium,27-08-2025,5000,6000,5500
Himachal Pradesh,Kangra,Kangra,Pear(Marasebu),Other,Medium,27-08-2025,5000,8000,6000
Himachal Pradesh,Kangra,Kangra(Baijnath),Bhindi(Ladies Finger),Bhindi,FAQ,27-08-2025,3800,4000,3900
Himachal Pradesh,Kangra,Kangra(Baijnath),Capsicum,Capsicum,FAQ,27-08-2025,7500,7500,7500
Himachal Pradesh,Kangra,Kangra(Baijnath),Cauliflower,Cauliflower,FAQ,27-08-2025,4500,5500,5000
Himachal Pradesh,Kangra,Kangra(Baijnath),Ginger(Green),Green Ginger,FAQ,27-08-2025,8000,8000,8000
Himachal Pradesh,Kangra,Kangra(Baijnath),Lemon,Lemon,FAQ,27-08-2025,6500,7000,6800
Himachal Pradesh,Kangra,Kangra(Jaisinghpur),Bhindi(Ladies Finger),Bhindi,FAQ,27-08-2025,3800,4200,4100
Himachal Pradesh,Kangra,Kangra(Jaisinghpur),Mousambi(Sweet Lime),Mousambi,Medium,27-08-2025,5200,5500,5350
Himachal Pradesh,Kangra,Kangra(Jaisinghpur),Pumpkin,Pumpkin,FAQ,27-08-2025,1800,2200,2100
Himachal Pradesh,Kangra,Kangra(Nagrota Bagwan),Banana,Amruthapani,Medium,27-08-2025,4200,4800,4400
Himachal Pradesh,Kangra,Kangra(Nagrota Bagwan),Bhindi(Ladies Finger),Bhindi,FAQ,27-08-2025,3000,3500,3200
Himachal Pradesh,Kangra,Kangra(Nagrota Bagwan),Bitter gourd,Bitter Gourd,FAQ,27-08-2025,4000,4500,4200
Himachal Pradesh,Kangra,Kangra(Nagrota Bagwan),Bottle gourd,Bottle Gourd,FAQ,27-08-2025,3000,5500,3800
Himachal Pradesh,Kangra,Kangra(Nagrota Bagwan),Cabbage,Cabbage,FAQ,27-08-2025,2000,3000,2500
Himachal Pradesh,Kangra,Kangra(Nagrota Bagwan),Carrot,Carrot,FAQ,27-08-2025,2200,2400,2300
Himachal Pradesh,Kangra,Kangra(Nagrota Bagwan),Ginger(Green),Green Ginger,FAQ,27-08-2025,7000,8000,7500
Himachal Pradesh,Kangra,Kangra(Nagrota Bagwan),Lemon,Lemon,FAQ,27-08-2025,6000,6500,6300
Himachal Pradesh,Kangra,Kangra(Nagrota Bagwan),Pineapple,Other,Medium,27-08-2025,3500,4000,3700
Himachal Pradesh,Kangra,Kangra(Nagrota Bagwan),Pomegranate,Other,Medium,27-08-2025,10000,12000,11000
Himachal Pradesh,Kangra,Palampur,Bitter gourd,Other,FAQ,27-08-2025,3800,4000,3900
Himachal Pradesh,Kangra,Palampur,Carrot,Carrot,FAQ,27-08-2025,2800,3000,2900
Himachal Pradesh,Kangra,Palampur,Pumpkin,Other,FAQ,27-08-2025,1500,2000,1800
Himachal Pradesh,Sirmore,Paonta Sahib,Bitter gourd,Other,FAQ,27-08-2025,4500,5000,4800
Himachal Pradesh,Sirmore,Paonta Sahib,Colacasia,Other,FAQ,27-08-2025,2500,3000,2800
Himachal Pradesh,Sirmore,Paonta Sahib,Lemon,Other,FAQ,27-08-2025,5000,7000,6000
Himachal Pradesh,Sirmore,Paonta Sahib,Pumpkin,Other,FAQ,27-08-2025,1500,2500,2000
Himachal Pradesh,Sirmore,Paonta Sahib,Raddish,Other,FAQ,27-08-2025,1000,1500,1200
Himachal Pradesh,Sirmore,Paonta Sahib,Sponge gourd,Other,FAQ,27-08-2025,3500,4000,3800
Himachal Pradesh,Solan,Solan,Capsicum,Capsicum,FAQ,27-08-2025,2000,5600,4400
Himachal Pradesh,Solan,Solan,Ginger(Green),Other,FAQ,27-08-2025,5000,5500,5500
Himachal Pradesh,Solan,Solan,Onion,Other,FAQ,27-08-2025,2000,2200,2200
Kerala,Alappuzha,Chengannur,Ashgourd,Other,FAQ,27-08-2025,2500,2800,2700
Kerala,Alappuzha,Chengannur,Banana - Green,Banana - Green,FAQ,27-08-2025,4200,4500,4400
Kerala,Alappuzha,Chengannur,Bhindi(Ladies Finger),Other,FAQ,27-08-2025,3700,4000,3800
Kerala,Alappuzha,Chengannur,Capsicum,Other,FAQ,27-08-2025,0,0,8000
Kerala,Alappuzha,Chengannur,Cauliflower,Other,FAQ,27-08-2025,0,0,4000
Kerala,Alappuzha,Chengannur,Mango (Raw-Ripe),Mango - Raw-Ripe,FAQ,27-08-2025,6800,7500,7000
Kerala,Alappuzha,Chengannur,Potato,Potato,FAQ,27-08-2025,3400,3800,3500
Kerala,Alappuzha,Chengannur,Tomato,Tomato,FAQ,27-08-2025,3800,4500,4000
Kerala,Alappuzha,Cherthala,Amaranthus,Other,FAQ,27-08-2025,6000,6200,6100
Kerala,Alappuzha,Cherthala,Beetroot,Other,FAQ,27-08-2025,4000,4200,4100
Kerala,Alappuzha,Cherthala,Brinjal,Brinjal,FAQ,27-08-2025,3200,3500,3400
Kerala,Alappuzha,Cherthala,Carrot,Carrot,FAQ,27-08-2025,6000,6200,6100
Kerala,Alappuzha,Cherthala,Cowpea(Veg),Cowpea (Veg),FAQ,27-08-2025,4000,4200,4100
Kerala,Alappuzha,Cherthala,Little gourd (Kundru),Other,FAQ,27-08-2025,3200,3500,3300
Kerala,Alappuzha,Cherthala,Long Melon(Kakri),Other,FAQ,27-08-2025,4000,4200,4100
Kerala,Alappuzha,Harippad,Amaranthus,Other,FAQ,27-08-2025,5000,5500,5000
Kerala,Alappuzha,Harippad,Bitter gourd,Other,FAQ,27-08-2025,5000,5500,5000
Kerala,Alappuzha,Harippad,Cauliflower,Other,FAQ,27-08-2025,4000,4500,4000
Kerala,Alappuzha,Harippad,Cowpea(Veg),Other,FAQ,27-08-2025,4000,4500,4000
Kerala,Alappuzha,Harippad,Cucumbar(Kheera),Other,FAQ,27-08-2025,3000,3500,3000
Kerala,Alappuzha,Harippad,Green Chilli,Other,FAQ,27-08-2025,4000,4500,4000
Kerala,Alappuzha,Harippad,Mango,Other,Medium,27-08-2025,4500,5000,4500
Kerala,Alappuzha,Harippad,Onion,Big,FAQ,27-08-2025,2300,2800,2300
Kerala,Ernakulam,Malayattoor  VFPCK,Banana,Palayamthodan,Large,27-08-2025,0,0,3200
Kerala,Ernakulam,North Paravur,Alsandikai,Alsandikai,FAQ,27-08-2025,5500,6000,5800
Kerala,Ernakulam,North Paravur,Colacasia,Colacasia,FAQ,27-08-2025,4000,5000,4500
Kerala,Ernakulam,North Paravur,Cowpea(Veg),Cowpea (Veg),FAQ,27-08-2025,2800,3500,3000
Kerala,Ernakulam,North Paravur,Drumstick,Drumstick,FAQ,27-08-2025,4000,5000,4500
Kerala,Ernakulam,North Paravur,French Beans (Frasbean),French Beans (Frasbean),FAQ,27-08-2025,4500,5000,4800
Kerala,Ernakulam,North Paravur,Garlic,Average,FAQ,27-08-2025,10000,11500,10500
Kerala,Ernakulam,North Paravur,Green Chilli,Green Chilly,FAQ,27-08-2025,5000,6000,5500
Kerala,Ernakulam,North Paravur,Mint(Pudina),Mint(Pudina),FAQ,27-08-2025,7000,8000,7500
Kerala,Ernakulam,Thrippunithura,Ashgourd,Ashgourd,FAQ,27-08-2025,4500,5500,4700
Kerala,Ernakulam,Thrippunithura,Bhindi(Ladies Finger),Bhindi,FAQ,27-08-2025,6000,7800,6200
Kerala,Ernakulam,Thrippunithura,Cucumbar(Kheera),Cucumbar,FAQ,27-08-2025,4800,5500,5000
Kerala,Ernakulam,Thrippunithura,Little gourd (Kundru),Other,FAQ,27-08-2025,6000,7000,6200
Kerala,Ernakulam,Vengola  VFPCK,Pineapple,Pine Apple,Medium,27-08-2025,1200,2100,1700
Kerala,Kannur,Kannur,Bhindi(Ladies Finger),Bhindi,FAQ,27-08-2025,4300,4500,4400
Kerala,Kannur,Kannur,Bitter gourd,Bitter Gourd,FAQ,27-08-2025,5500,5900,5700
Kerala,Kannur,Kannur,Cucumbar(Kheera),Cucumbar,FAQ,27-08-2025,2200,2400,2300
Kerala,Kannur,Payyannur,Coconut Seed,Coconut Seed,FAQ,27-08-2025,6000,6200,6100
Kerala,Kannur,Payyannur,Copra,other,FAQ,27-08-2025,19000,19200,19100
Kerala,Kannur,Payyannur,Pumpkin,Other,FAQ,27-08-2025,3100,3300,3200
Kerala,Kannur,Taliparamba,Banana,Other,Large,27-08-2025,5300,5500,5400
Kerala,Kannur,Taliparamba,Onion,Onion,FAQ,27-08-2025,2500,2700,2600
Kerala,Kottayam,Ettumanoor,Banana - Green,Banana - Green,FAQ,27-08-2025,3800,4200,4000
Kerala,Kottayam,Ettumanoor,Carrot,Carrot,FAQ,27-08-2025,6500,6900,6700
Kerala,Kottayam,Ettumanoor,Little gourd (Kundru),Other,FAQ,27-08-2025,5400,5800,5600
Kerala,Kottayam,Kuruppanthura,Beetroot,Beetroot,FAQ,27-08-2025,3600,6000,5000
Kerala,Kottayam,Kuruppanthura,Bhindi(Ladies Finger),Bhindi,FAQ,27-08-2025,4400,6000,5000
Kerala,Kottayam,Kuruppanthura,Cabbage,Cabbage,FAQ,27-08-2025,3600,5000,4000
Kerala,Kottayam,Kuruppanthura,Little gourd (Kundru),Other,FAQ,27-08-2025,6000,7000,6200
Kerala,Kottayam,Pampady,Banana,Palayamthodan,Medium,27-08-2025,2500,3500,3000
Kerala,Kottayam,Pampady,Elephant Yam (Suran),Other,FAQ,27-08-2025,4000,6000,4500
Kerala,Kottayam,Pampady,Pumpkin,Pumpkin,FAQ,27-08-2025,1500,2500,2000
Kerala,Kozhikode(Calicut),Kallachi,Amphophalus,Amphophalus,FAQ,27-08-2025,5300,5700,5500
Kerala,Kozhikode(Calicut),Kallachi,Cluster beans,Cluster Beans,FAQ,27-08-2025,4600,5000,4800
Kerala,Kozhikode(Calicut),Kallachi,Green Chilli,Green Chilly,FAQ,27-08-2025,4800,5200,5000
Kerala,Kozhikode(Calicut),Kallachi,Onion,Other,FAQ,27-08-2025,2100,2500,2300
Kerala,Kozhikode(Calicut),Kallachi,Pumpkin,Pumpkin,FAQ,27-08-2025,2600,3000,2800
Kerala,Kozhikode(Calicut),Mukkom,Beetroot,Beetroot,FAQ,27-08-2025,3000,3400,3200
Kerala,Kozhikode(Calicut),Mukkom,Drumstick,Drumstick,FAQ,27-08-2025,4000,4400,4200
Kerala,Kozhikode(Calicut),Mukkom,Pineapple,Other,Large,27-08-2025,6500,7500,7000
Kerala,Kozhikode(Calicut),Mukkom,Snakeguard,Snakeguard,FAQ,27-08-2025,4500,4800,4600
Kerala,Kozhikode(Calicut),Palayam,Bottle gourd,Other,FAQ,27-08-2025,3000,3000,3000
Kerala,Kozhikode(Calicut),Palayam,Cauliflower,Other,FAQ,27-08-2025,2100,2100,2100
Kerala,Kozhikode(Calicut),Palayam,Cluster beans,Other,FAQ,27-08-2025,3800,3800,3800
Kerala,Kozhikode(Calicut),Palayam,Cowpea(Veg),Other,FAQ,27-08-2025,3700,3700,3700
Kerala,Kozhikode(Calicut),Palayam,Green Chilli,Other,FAQ,27-08-2025,4000,4000,4000
Kerala,Kozhikode(Calicut),Perambra,Bhindi(Ladies Finger),Other,FAQ,27-08-2025,4000,4500,4200
Kerala,Kozhikode(Calicut),Perambra,Cauliflower,Cauliflower,FAQ,27-08-2025,3500,4000,3500
Kerala,Kozhikode(Calicut),Perambra,Cluster beans,Other,FAQ,27-08-2025,4500,5500,4500
Kerala,Kozhikode(Calicut),Perambra,Cowpea(Veg),Other,FAQ,27-08-2025,4500,5500,5000
Kerala,Kozhikode(Calicut),Perambra,Drumstick,Other,FAQ,27-08-2025,3400,5000,4000
Kerala,Kozhikode(Calicut),Perambra,Ginger(Green),Other,FAQ,27-08-2025,8000,9000,9000
Kerala,Kozhikode(Calicut),Quilandy,Amphophalus,Other,FAQ,27-08-2025,5400,5500,5500
Kerala,Kozhikode(Calicut),Quilandy,Carrot,Other,FAQ,27-08-2025,6800,7000,7000
Kerala,Kozhikode(Calicut),Quilandy,Cauliflower,Other,FAQ,27-08-2025,2800,3000,3000
Kerala,Kozhikode(Calicut),Quilandy,Cucumbar(Kheera),Other,FAQ,27-08-2025,2000,2300,2200
Kerala,Kozhikode(Calicut),Quilandy,Green Chilli,Other,FAQ,27-08-2025,5000,7400,5200
Kerala,Kozhikode(Calicut),Quilandy,Snakeguard,Other,FAQ,27-08-2025,3800,4000,4000
Kerala,Kozhikode(Calicut),Quilandy,Tomato,Other,FAQ,27-08-2025,4000,4200,4200
Kerala,Kozhikode(Calicut),Thamarassery,Amaranthus,Other,FAQ,27-08-2025,2500,3300,2600
Kerala,Kozhikode(Calicut),Thamarassery,Amphophalus,Other,FAQ,27-08-2025,4100,4900,4500
Kerala,Kozhikode(Calicut),Thamarassery,Bhindi(Ladies Finger),Other,FAQ,27-08-2025,2900,3800,3300
Kerala,Kozhikode(Calicut),Vengeri(Kozhikode),Cowpea(Veg),Cowpea (Veg),FAQ,27-08-2025,3700,4000,4000
Kerala,Palakad,Koduvayoor,Banana,Poovan,Medium,27-08-2025,3500,3900,3700
Kerala,Palakad,Koduvayoor,Bhindi(Ladies Finger),Other,FAQ,27-08-2025,3000,3400,3200
Kerala,Palakad,Koduvayoor,Cabbage,Other,FAQ,27-08-2025,1200,1600,1400
Kerala,Palakad,Koduvayoor,Cluster beans,Other,FAQ,27-08-2025,3500,3900,3700
Kerala,Palakad,Koduvayoor,Garlic,Other,FAQ,27-08-2025,13200,13600,13400
Kerala,Palakad,Pattambi,Ashgourd,Other,FAQ,27-08-2025,2500,2800,2600
Kerala,Palakad,Pattambi,Bitter gourd,Other,FAQ,27-08-2025,4500,5000,4800
Kerala,Palakad,Pattambi,Elephant Yam (Suran),Other,FAQ,27-08-2025,4000,4500,4200
Kerala,Palakad,Pattambi,French Beans (Frasbean),Other,FAQ,27-08-2025,5500,6000,5800
Kerala,Palakad,Pattambi,Green Avare (W),Other,FAQ,27-08-2025,6000,6500,6200
Kerala,Palakad,Pattambi,Lemon,Other,FAQ,27-08-2025,6000,7000,6500
Kerala,Palakad,Pattambi,Mango,Other,Medium,27-08-2025,8000,9000,8500
Kerala,Palakad,Pattambi,Tomato,Other,FAQ,27-08-2025,4200,4500,4300
Kerala,Pathanamthitta,Kuttoor,Cucumbar(Kheera),Cucumbar,FAQ,27-08-2025,3600,4000,3800
Kerala,Pathanamthitta,Kuttoor,Pepper ungarbled,Other,FAQ,27-08-2025,58000,63000,61000
Kerala,Pathanamthitta,Kuttoor,Tapioca,Other,FAQ,27-08-2025,3000,3300,3100
Kerala,Pathanamthitta,Ranniangadi,Banana,Nendra Bale,Large,27-08-2025,5500,5800,5500
Kerala,Pathanamthitta,Ranniangadi,Banana,Palayamthodan,Large,27-08-2025,1400,1500,1500
Kerala,Thirssur,KADUKUTTY VFPCK,Banana,Rasakathai,Large,27-08-2025,5000,5500,5300
Kerala,Thirssur,Marottichal  VFPCK,Banana,Nendra Bale,Medium,27-08-2025,3500,4700,4058
Kerala,Thirssur,Nooluvally  VFPCK,Banana,Palayamthodan,Medium,27-08-2025,1800,2500,2373
Kerala,Thirssur,Nooluvally  VFPCK,Banana,Poovan,Medium,27-08-2025,4000,5000,4682
Kerala,Thirssur,Pariyaram VFPCK,Papaya,Papaya,Medium,27-08-2025,500,3500,2100
Kerala,Thiruvananthapuram,Chala,Apple,Other,Large,27-08-2025,24000,24000,24000
Kerala,Thiruvananthapuram,Chala,Bhindi(Ladies Finger),Other,FAQ,27-08-2025,3600,3700,3600
Kerala,Thiruvananthapuram,Chala,Bottle gourd,Bottle Gourd,FAQ,27-08-2025,2500,2500,2500
Kerala,Thiruvananthapuram,Chala,Cabbage,Other,FAQ,27-08-2025,3000,3000,3000
Kerala,Thiruvananthapuram,Chala,Grapes,Black,Large,27-08-2025,12000,12000,12000
Kerala,Thiruvananthapuram,Chala,Grapes,Green,Large,27-08-2025,10000,10000,10000
Kerala,Thiruvananthapuram,Chala,Onion,Onion,FAQ,27-08-2025,5500,5600,5500
Kerala,Thiruvananthapuram,Chala,Snakeguard,Other,FAQ,27-08-2025,3000,3000,3000
Kerala,Thiruvananthapuram,Neyyatinkara,Amphophalus,Amphophalus,FAQ,27-08-2025,5200,6000,5600
Kerala,Thiruvananthapuram,Neyyatinkara,Bhindi(Ladies Finger),Bhindi,FAQ,27-08-2025,3300,4000,3700
Kerala,Thiruvananthapuram,Neyyatinkara,Pumpkin,Other,FAQ,27-08-2025,3500,4000,3700
Kerala,Thiruvananthapuram,Parassala,Bhindi(Ladies Finger),Other,FAQ,27-08-2025,3000,3200,3000
Kerala,Thiruvananthapuram,Parassala,Elephant Yam (Suran),Elephant Yam (Suran),FAQ,27-08-2025,4800,5000,4800
Kerala,Thiruvananthapuram,Parassala,Pineapple,Pine Apple,Medium,27-08-2025,6800,7000,6800
Kerala,Thiruvananthapuram,Parassala,Pumpkin,Pumpkin,FAQ,27-08-2025,2000,2500,2000
Kerala,Thiruvananthapuram,Parassala,Snakeguard,Snakeguard,FAQ,27-08-2025,3800,4000,3800
Kerala,Wayanad,Pulpally,Coffee,Other,FAQ,27-08-2025,18600,18800,18700
Kerala,Wayanad,Pulpally,Cowpea(Veg),Other,FAQ,27-08-2025,2400,2600,2500
Kerala,Wayanad,Pulpally,Paddy(Dhan)(Common),Other,FAQ,27-08-2025,2310,2330,2320
Kerala,Wayanad,Pulpally,Pumpkin,Other,FAQ,27-08-2025,1200,1400,1300
Madhya Pradesh,Badwani,Anjad,Maize,Yellow,FAQ,27-08-2025,1675,1725,1725
Madhya Pradesh,Bhind,Gohad,Wheat,Wheat Mix,FAQ,27-08-2025,2670,2670,2670
Madhya Pradesh,Damoh,Javera,Wheat,Mill Quality,Non-FAQ,27-08-2025,2499,2608,2608
Madhya Pradesh,Indore,Indore,Wheat,Malwa Shakti,Non-FAQ,27-08-2025,2740,2740,2740
Madhya Pradesh,Indore,Sanwer,Soyabean,Soyabeen,FAQ,27-08-2025,4411,4411,4411
Madhya Pradesh,Jabalpur,Shahpura(Jabalpur),Kutki,Kutki,FAQ,27-08-2025,3600,3600,3600
Madhya Pradesh,Katni,Katni,Wheat,Wheat,FAQ,27-08-2025,2520,2550,2520
Madhya Pradesh,Mandla,Mandla,Flax seeds,Flax seeds,FAQ,27-08-2025,7010,7010,7010
Madhya Pradesh,Mandla,Nainpur,Wheat,Wheat,Non-FAQ,27-08-2025,2500,2511,2511
Madhya Pradesh,Rajgarh,Biaora,Garlic,Garlic,FAQ,27-08-2025,2500,4500,4500
Madhya Pradesh,Sagar,Sagar,Wheat,Wheat,FAQ,27-08-2025,2475,2495,2475
Madhya Pradesh,Seoni,Keolari,Wheat,Mill Quality,FAQ,27-08-2025,2550,2550,2550
Madhya Pradesh,Shehdol,Beohari,Wheat,Wheat,FAQ,27-08-2025,2500,2510,2510
Madhya Pradesh,Umariya,Umariya,Wheat,Wheat,Non-FAQ,27-08-2025,2510,2510,2510
Maharashtra,Ahmednagar,Shrirampur,Lime,Other,Local,27-08-2025,3000,4000,3500
Maharashtra,Pune,Pune(Pimpri),Coriander(Leaves),Other,Local,27-08-2025,6,7,7
Maharashtra,Pune,Pune(Pimpri),Cucumbar(Kheera),Other,Local,27-08-2025,1200,2000,1600
Maharashtra,Pune,Pune(Pimpri),Tomato,Local,Local,27-08-2025,1500,2000,1750
Nagaland,Dimapur,Dimapur,Green Chilli,Other,FAQ,27-08-2025,10000,12000,11000
Nagaland,Dimapur,Nuiland,Brinjal,Brinjal,FAQ,27-08-2025,4000,4300,4200
Nagaland,Kohima,Kohima,Green Chilli,Green Chilly,FAQ,27-08-2025,14000,14200,14100
Nagaland,Tsemenyu,Tsemenyu,Banana,Banana-Organic,Medium,27-08-2025,4500,5500,5000
Nagaland,Tsemenyu,Tsemenyu,Chow Chow,Chow Chow,FAQ,27-08-2025,2500,3000,2700
Nagaland,Tsemenyu,Tsemenyu,Leafy Vegetable,Leafy Vegetables,FAQ,27-08-2025,2000,2500,2200
Nagaland,Wokha,Baghty,Pumpkin,Other,FAQ,27-08-2025,2400,4000,3000
Odisha,Boudh,Boudh,Carrot,Carrot,FAQ,27-08-2025,2500,3250,3000
Odisha,Boudh,Boudh,Cauliflower,Other,FAQ,27-08-2025,4800,5500,5000
Odisha,Boudh,Boudh,Cucumbar(Kheera),Other,FAQ,27-08-2025,3500,4500,4000
Odisha,Boudh,Boudh,Drumstick,Drumstick,FAQ,27-08-2025,6500,7500,7000
Odisha,Boudh,Boudh,Onion,Other,FAQ,27-08-2025,2500,3500,3000
Odisha,Boudh,Khunthabandha,Banana - Green,Banana - Green,FAQ,27-08-2025,2200,3000,2500
Odisha,Boudh,Khunthabandha,Cucumbar(Kheera),Other,FAQ,27-08-2025,2500,3500,3000
Odisha,Dhenkanal,Hindol,Pointed gourd (Parval),Other,FAQ,27-08-2025,5700,6000,5800
Odisha,Dhenkanal,Hindol,Tomato,Tomato,Non-FAQ,27-08-2025,4500,5000,4800
Punjab,Amritsar,Rayya,Onion,Red,FAQ,27-08-2025,2100,2100,2100
Punjab,Fazilka,Fazilka,Banana,Other,Medium,27-08-2025,2500,3500,3000
Punjab,Fazilka,Fazilka,Bitter gourd,Other,FAQ,27-08-2025,2000,4000,3000
Punjab,Fazilka,Fazilka,Brinjal,Other,FAQ,27-08-2025,1000,2000,1500
Punjab,Fazilka,Fazilka,Ginger(Green),Other,FAQ,27-08-2025,5000,7000,6000
Punjab,Fazilka,Fazilka,Guava,Other,Medium,27-08-2025,2500,3500,3000
Punjab,Fazilka,Fazilka,Potato,Other,FAQ,27-08-2025,1000,1400,1200
Punjab,Hoshiarpur,Garh Shankar,Apple,Other,Medium,27-08-2025,4000,6500,5500
Punjab,Hoshiarpur,Garh Shankar,Cabbage,Cabbage,FAQ,27-08-2025,1400,1600,1500
Punjab,Hoshiarpur,Garh Shankar,Cauliflower,Cauliflower,FAQ,27-08-2025,1000,1800,1500
Punjab,Hoshiarpur,Garh Shankar,Cucumbar(Kheera),Cucumbar,FAQ,27-08-2025,1000,1500,1200
Punjab,Hoshiarpur,Tanda Urmur,Bitter gourd,Other,FAQ,27-08-2025,2500,3000,2800
Punjab,Hoshiarpur,Tanda Urmur,Brinjal,Other,FAQ,27-08-2025,2500,3000,2800
Punjab,Hoshiarpur,Tanda Urmur,Capsicum,Other,FAQ,27-08-2025,6500,7500,7000
Punjab,Hoshiarpur,Tanda Urmur,Green Chilli,Other,FAQ,27-08-2025,2500,3000,2800
Punjab,Hoshiarpur,Tanda Urmur,Potato,Other,FAQ,27-08-2025,1200,1400,1300
Punjab,Jalandhar,Bilga,Green Chilli,Other,FAQ,27-08-2025,3800,4000,3900
Punjab,Jalandhar,Bilga,Tomato,Other,FAQ,27-08-2025,3800,4000,3900
Punjab,Ludhiana,Doraha,Potato,Other,FAQ,27-08-2025,1000,1000,1000
Punjab,Ludhiana,Khanna,Brinjal,Other,FAQ,27-08-2025,1000,1600,1500
Punjab,Ludhiana,Khanna,Capsicum,Capsicum,FAQ,27-08-2025,3000,4000,3500
Punjab,Ludhiana,Khanna,Garlic,Other,FAQ,27-08-2025,3000,5000,4000
Punjab,Ludhiana,Khanna,Ginger(Green),Other,FAQ,27-08-2025,2000,4000,3000
Punjab,Ludhiana,Khanna,Guava,Guava,Medium,27-08-2025,600,2000,800
Punjab,Ludhiana,Khanna,Lemon,Other,FAQ,27-08-2025,2000,3000,2500
Punjab,Ludhiana,Khanna,Potato,Other,FAQ,27-08-2025,400,1000,600
Punjab,Ludhiana,Khanna,Pumpkin,Other,FAQ,27-08-2025,400,1000,600
Punjab,Ludhiana,Ludhiana,Ashgourd,Other,FAQ,27-08-2025,400,1700,1000
Punjab,Ludhiana,Ludhiana,Bhindi(Ladies Finger),Other,FAQ,27-08-2025,1400,1900,1600
Punjab,Ludhiana,Ludhiana,Carrot,Other,FAQ,27-08-2025,700,1200,900
Punjab,Ludhiana,Ludhiana,Coriander(Leaves),Other,FAQ,27-08-2025,1500,4000,3000
Punjab,Ludhiana,Ludhiana,Guava,Other,Medium,27-08-2025,1000,2500,1500
Punjab,Ludhiana,Ludhiana,Pear(Marasebu),Other,Medium,27-08-2025,1000,2500,1500
Punjab,Moga,Kot ise Khan,Green Chilli,Other,FAQ,27-08-2025,1200,1400,1300
Punjab,Mohali,Kurali,Cucumbar(Kheera),Other,FAQ,27-08-2025,1500,1950,1700
Punjab,Ropar (Rupnagar),Chamkaur Sahib,Apple,Apple,Medium,27-08-2025,7900,8000,7950
Punjab,Ropar (Rupnagar),Chamkaur Sahib,Bitter gourd,Bitter Gourd,FAQ,27-08-2025,2900,3000,2950
Punjab,Ropar (Rupnagar),Chamkaur Sahib,Brinjal,Other,FAQ,27-08-2025,1400,1500,1450
Punjab,Ropar (Rupnagar),Chamkaur Sahib,Cauliflower,Other,FAQ,27-08-2025,2900,3000,2950
Punjab,Ropar (Rupnagar),Chamkaur Sahib,Ginger(Green),Green Ginger,FAQ,27-08-2025,7900,8000,7950
Punjab,Ropar (Rupnagar),Chamkaur Sahib,Pomegranate,Other,Medium,27-08-2025,8900,9000,8950
Punjab,Ropar (Rupnagar),Chamkaur Sahib,Tomato,Other,FAQ,27-08-2025,5900,6000,5950
Punjab,Sangrur,Ahmedgarh,Banana,Other,Medium,27-08-2025,2700,2800,2800
Punjab,Sangrur,Ahmedgarh,Brinjal,Other,FAQ,27-08-2025,1500,1800,1800
Punjab,Tarntaran,Naushera Pannuan,Bitter gourd,Bitter Gourd,FAQ,27-08-2025,3000,3000,3000
Punjab,Tarntaran,Tarantaran,Cucumbar(Kheera),Cucumbar,FAQ,27-08-2025,2000,2500,2400
Rajasthan, Jhunjhunu,Surajgarh,Mustard,Other,FAQ,27-08-2025,6770,6770,6770
Rajasthan,Beawar,Beawar,Wheat,Other,FAQ,27-08-2025,2400,2600,2500
Rajasthan,Ganganagar,Sriganganagar (F&V),Banana,Other,Medium,27-08-2025,3000,3400,3200
Rajasthan,Ganganagar,Sriganganagar (F&V),Cucumbar(Kheera),Other,FAQ,27-08-2025,1300,1700,1500
Rajasthan,Ganganagar,Sriganganagar (F&V),Green Peas,Green Peas,FAQ,27-08-2025,9300,9700,9500
Rajasthan,Ganganagar,Sriganganagar (F&V),Mousambi(Sweet Lime),Mosambi-Organic,Medium,27-08-2025,3800,4200,4000
Rajasthan,Ganganagar,Sriganganagar (F&V),Onion,Other,FAQ,27-08-2025,1400,1800,1600
Rajasthan,Ganganagar,Sriganganagar (F&V),Pineapple,Other,Medium,27-08-2025,4600,5000,4800
Rajasthan,Ganganagar,Sriganganagar (F&V),Sponge gourd,Sponge gourd,FAQ,27-08-2025,1700,2100,1900
Rajasthan,Ganganagar,Sriganganagar (F&V),Tomato,Other,FAQ,27-08-2025,3800,4200,4000
Rajasthan,Jaipur Rural,Bassi,Potato,Other,Non-FAQ,27-08-2025,2000,2400,2200
Rajasthan,Jodhpur,Jodhpur (F&V),Mousambi(Sweet Lime),Other,Medium,27-08-2025,1000,2200,1600
Rajasthan,Jodhpur,Jodhpur (F&V),Pomegranate,Other,Medium,27-08-2025,4000,8000,6000
Tripura,Gomati,Nutanbazar,Potato,Local,FAQ,27-08-2025,1850,2000,1950
Tripura,North Tripura,Dasda,Potato,Local,FAQ,27-08-2025,1800,2000,1900
Uttar Pradesh,Agra,Fatehabad,Brinjal,Round,FAQ,27-08-2025,800,1000,1000
Uttar Pradesh,Agra,Fatehabad,Potato,Desi,FAQ,27-08-2025,700,1200,1000
Uttar Pradesh,Agra,Jagnair,Cabbage,Cabbage,FAQ,27-08-2025,1500,1700,1600
Uttar Pradesh,Agra,Jagnair,Green Chilli,Green Chilly,FAQ,27-08-2025,1600,1800,1700
Uttar Pradesh,Aligarh,Aligarh,Potato,Desi,FAQ,27-08-2025,900,1000,950
Uttar Pradesh,Aligarh,Atrauli,Cauliflower,Cauliflower,FAQ,27-08-2025,2200,2300,2250
Uttar Pradesh,Aligarh,Atrauli,Colacasia,Colacasia,FAQ,27-08-2025,1800,1900,1850
Uttar Pradesh,Aligarh,Charra,Brinjal,Brinjal,FAQ,27-08-2025,2000,2200,2100
Uttar Pradesh,Aligarh,Charra,Cabbage,Cabbage,FAQ,27-08-2025,2600,2800,2700
Uttar Pradesh,Aligarh,Charra,Wheat,Dara,FAQ,27-08-2025,2500,2520,2510
Uttar Pradesh,Aligarh,Khair,Cucumbar(Kheera),Cucumbar,FAQ,27-08-2025,1000,1500,1200
Uttar Pradesh,Amethi,Sultanpur,Black Gram Dal (Urd Dal),Black Gram Dal,FAQ,27-08-2025,9935,9975,9950
Uttar Pradesh,Amroha,Dhanaura,Bottle gourd,Bottle Gourd,FAQ,27-08-2025,1000,1500,1200
Uttar Pradesh,Amroha,Dhanaura,Tinda,Tinda,FAQ,27-08-2025,1200,1500,1400
Uttar Pradesh,Amroha,Hasanpur,Bottle gourd,Bottle Gourd,FAQ,27-08-2025,1410,1500,1450
Uttar Pradesh,Amroha,Hasanpur,Cucumbar(Kheera),Cucumbar,FAQ,27-08-2025,1810,2000,1850
Uttar Pradesh,Amroha,Hasanpur,Green Chilli,Green Chilly,FAQ,27-08-2025,1810,2000,1850
Uttar Pradesh,Amroha,Hasanpur,Lemon,Lemon,FAQ,27-08-2025,2100,3000,2520
Uttar Pradesh,Amroha,Hasanpur,Raddish,Other,FAQ,27-08-2025,1410,1500,1450
Uttar Pradesh,Amroha,Hasanpur,Spinach,Other,FAQ,27-08-2025,1410,1500,1450
Uttar Pradesh,Amroha,Hasanpur,Tomato,Deshi,Non-FAQ,27-08-2025,1810,2000,1850
Uttar Pradesh,Ayodhya,Faizabad,Bengal Gram(Gram)(Whole),Desi (Whole),FAQ,27-08-2025,6400,6540,6470
Uttar Pradesh,Ayodhya,Faizabad,Bottle gourd,Bottle Gourd,FAQ,27-08-2025,1730,1860,1790
Uttar Pradesh,Ayodhya,Faizabad,Garlic,Desi,FAQ,27-08-2025,6240,6400,6300
Uttar Pradesh,Ayodhya,Faizabad,Green Chilli,Green Chilly,FAQ,27-08-2025,4880,5000,4950
Uttar Pradesh,Ayodhya,Faizabad,Gur(Jaggery),Red,FAQ,27-08-2025,4390,4500,4480
Uttar Pradesh,Ayodhya,Faizabad,Paddy(Dhan)(Common),Common,FAQ,27-08-2025,2090,2300,2200
Uttar Pradesh,Ayodhya,Faizabad,Paddy(Dhan)(Common),Common,Non-FAQ,27-08-2025,2050,2090,2080
Uttar Pradesh,Badaun,Shahaswan,Apple,Other,Medium,27-08-2025,7500,8500,8000
Uttar Pradesh,Badaun,Shahaswan,Potato,Potato,Non-FAQ,27-08-2025,1000,1200,1100
Uttar Pradesh,Badaun,Visoli,Potato,Desi,FAQ,27-08-2025,650,650,650
Uttar Pradesh,Bahraich,Naanpara,Cauliflower,Cauliflower,FAQ,27-08-2025,1000,1100,1050
Uttar Pradesh,Bahraich,Naanpara,Paddy(Dhan)(Common),Paddy,FAQ,27-08-2025,2200,2300,2250
Uttar Pradesh,Balrampur,Panchpedwa,Rice,III,FAQ,27-08-2025,2800,3200,3000
Uttar Pradesh,Bareilly,Anwala,Green Chilli,Green Chilly,FAQ,27-08-2025,3000,3500,3200
Uttar Pradesh,Bulandshahar,Divai,Green Chilli,Green Chilly,FAQ,27-08-2025,3500,3700,3600
Uttar Pradesh,Bulandshahar,Divai,Maize,Hybrid,FAQ,27-08-2025,2225,2235,2230
Uttar Pradesh,Bulandshahar,Gulavati,Lemon,Other,FAQ,27-08-2025,7100,7300,7200
Uttar Pradesh,Bulandshahar,Sikarpur,Bitter gourd,Bitter Gourd,FAQ,27-08-2025,2300,2500,2400
Uttar Pradesh,Bulandshahar,Sikarpur,Cauliflower,Cauliflower,FAQ,27-08-2025,4800,5000,4900
Uttar Pradesh,Bulandshahar,Sikarpur,Green Chilli,Green Chilly,FAQ,27-08-2025,5200,5400,5300
Uttar Pradesh,Bulandshahar,Sikarpur,Pumpkin,Pumpkin,FAQ,27-08-2025,1200,1400,1300
Uttar Pradesh,Bulandshahar,Sikarpur,Raddish,Raddish,FAQ,27-08-2025,2400,2500,2450
Uttar Pradesh,Bulandshahar,Sikarpur,Wheat,Dara,FAQ,27-08-2025,2500,2580,2540
Uttar Pradesh,Etah,Awagarh,Bottle gourd,Bottle Gourd,FAQ,27-08-2025,900,1050,950
Uttar Pradesh,Etawah,Bharthna,Tomato,Hybrid,FAQ,27-08-2025,3120,3320,3220
Uttar Pradesh,Etawah,Jasvantnagar,Potato,Potato,FAQ,27-08-2025,900,1100,1000
Uttar Pradesh,Farukhabad,Kamlaganj,Apple,Apple,Medium,27-08-2025,7000,7100,7050
Uttar Pradesh,Farukhabad,Kamlaganj,Green Chilli,Green Chilly,FAQ,27-08-2025,5000,5020,5010
Uttar Pradesh,Farukhabad,Kamlaganj,Maize,Yellow,FAQ,27-08-2025,2000,2060,2050
Uttar Pradesh,Firozabad,Firozabad,Bajra(Pearl Millet/Cumbu),Hybrid,FAQ,27-08-2025,2250,2285,2270
Uttar Pradesh,Firozabad,Firozabad,Black Gram Dal (Urd Dal),Black Gram Dal,FAQ,27-08-2025,9660,9840,9750
Uttar Pradesh,Firozabad,Firozabad,Colacasia,Colacasia,FAQ,27-08-2025,1600,1820,1715
Uttar Pradesh,Firozabad,Firozabad,Gur(Jaggery),Red,FAQ,27-08-2025,4240,4400,4320
Uttar Pradesh,Firozabad,Firozabad,Onion,Red,FAQ,27-08-2025,3300,3540,3400
Uttar Pradesh,Firozabad,Firozabad,Tomato,Hybrid,FAQ,27-08-2025,3300,3540,3400
Uttar Pradesh,Firozabad,Tundla,Banana,Banana - Ripe,Medium,27-08-2025,2400,2450,2425
Uttar Pradesh,Firozabad,Tundla,Barley (Jau),Dara,FAQ,27-08-2025,2325,2355,2340
Uttar Pradesh,Firozabad,Tundla,Lemon,Lemon,FAQ,27-08-2025,3325,3375,3350
Uttar Pradesh,Firozabad,Tundla,Mustard,Lohi Black,FAQ,27-08-2025,7035,7075,7050
Uttar Pradesh,Firozabad,Tundla,Potato,Local,FAQ,27-08-2025,970,1000,985
Uttar Pradesh,Firozabad,Tundla,Wheat,Dara,FAQ,27-08-2025,2525,2575,2550
Uttar Pradesh,Ghazipur,Jangipura,Onion,Red,FAQ,27-08-2025,1000,1500,1200
Uttar Pradesh,Gorakhpur,Sehjanwa,Potato,Potato,FAQ,27-08-2025,1890,1905,1900
Uttar Pradesh,Gorakhpur,Sehjanwa,Tomato,Hybrid,FAQ,27-08-2025,3690,3705,3700
Uttar Pradesh,Hathras,Haathras,Bottle gourd,Bottle Gourd,FAQ,27-08-2025,1300,1500,1400
Uttar Pradesh,Hathras,Haathras,Cauliflower,Cauliflower,FAQ,27-08-2025,3050,3250,3180
Uttar Pradesh,Hathras,Sikandraraau,Bajra(Pearl Millet/Cumbu),Deshi,FAQ,27-08-2025,2140,2280,2205
Uttar Pradesh,Hathras,Sikandraraau,Potato,Desi,FAQ,27-08-2025,590,700,640
Uttar Pradesh,Jalaun (Orai),Jalaun,Cabbage,Cabbage,FAQ,27-08-2025,1400,1700,1500
Uttar Pradesh,Jalaun (Orai),Jalaun,Pumpkin,Pumpkin,FAQ,27-08-2025,600,800,600
Uttar Pradesh,Jalaun (Orai),Jalaun,Tomato,Deshi,FAQ,27-08-2025,2700,3000,2800
Uttar Pradesh,Maharajganj,Anandnagar,Rice,III,FAQ,27-08-2025,2800,3300,3100
Uttar Pradesh,Maharajganj,Nautnava,Onion,Red,FAQ,27-08-2025,1200,1500,1360
Uttar Pradesh,Mahoba,Mahoba,Black Gram Dal (Urd Dal),Black Gram Dal,FAQ,27-08-2025,9950,10050,10000
Uttar Pradesh,Mahoba,Mahoba,Brinjal,Brinjal,FAQ,27-08-2025,1600,1700,1650
Uttar Pradesh,Mainpuri,Ghiraur,Colacasia,Colacasia,FAQ,27-08-2025,1600,1800,1700
Uttar Pradesh,Mainpuri,Ghiraur,Green Chilli,Green Chilly,FAQ,27-08-2025,4450,4650,4550
Uttar Pradesh,Mau(Maunathbhanjan),Doharighat,Green Chilli,Green Chilly,FAQ,27-08-2025,4900,5000,4960
Uttar Pradesh,Mau(Maunathbhanjan),Doharighat,Tomato,Deshi,FAQ,27-08-2025,1900,2000,1950
Uttar Pradesh,Mau(Maunathbhanjan),Kopaganj,Apple,Delicious,Medium,27-08-2025,7000,7200,7100
Uttar Pradesh,Mau(Maunathbhanjan),Kopaganj,Cauliflower,Cauliflower,FAQ,27-08-2025,1000,1200,1100
Uttar Pradesh,Mau(Maunathbhanjan),Kopaganj,Cucumbar(Kheera),Cucumbar,FAQ,27-08-2025,900,1200,1000
Uttar Pradesh,Mau(Maunathbhanjan),Kopaganj,Onion,Red,FAQ,27-08-2025,1200,1300,1250
Uttar Pradesh,Prayagraj,Ajuha,Onion,Red,FAQ,27-08-2025,1340,1470,1410
Uttar Pradesh,Prayagraj,Allahabad,Bottle gourd,Bottle Gourd,FAQ,27-08-2025,1570,1620,1585
Uttar Pradesh,Prayagraj,Allahabad,Cabbage,Cabbage,FAQ,27-08-2025,1780,1880,1840
Uttar Pradesh,Prayagraj,Allahabad,Capsicum,Capsicum,FAQ,27-08-2025,5945,6000,5980
Uttar Pradesh,Prayagraj,Allahabad,Colacasia,Colacasia,FAQ,27-08-2025,1810,1870,1830
Uttar Pradesh,Prayagraj,Allahabad,Cucumbar(Kheera),Cucumbar,FAQ,27-08-2025,2000,2070,2035
Uttar Pradesh,Prayagraj,Allahabad,Green Chilli,Green Chilly,FAQ,27-08-2025,4530,4600,4550
Uttar Pradesh,Prayagraj,Allahabad,Onion,Red,FAQ,27-08-2025,1325,1380,1350
Uttar Pradesh,Prayagraj,Allahabad,Pumpkin,Pumpkin,FAQ,27-08-2025,1430,1470,1450
Uttar Pradesh,Prayagraj,Sirsa,Tomato,Deshi,FAQ,27-08-2025,3000,3200,3100
Uttar Pradesh,Raebarelli,Bachranwa,Bengal Gram Dal (Chana Dal),Bengal Gram Dal,FAQ,27-08-2025,7510,7540,7525
Uttar Pradesh,Raebarelli,Bachranwa,Paddy(Dhan)(Common),Common,FAQ,27-08-2025,2275,2310,2300
Uttar Pradesh,Raebarelli,Bachranwa,Potato,Desi,FAQ,27-08-2025,1125,1160,1150
Uttar Pradesh,Sambhal,Sambhal,Brinjal,Round/Long,FAQ,27-08-2025,900,1150,1000
Uttar Pradesh,Sambhal,Sambhal,Cauliflower,Cauliflower,FAQ,27-08-2025,1200,1650,1400
Uttar Pradesh,Sambhal,Sambhal,Onion,Red,FAQ,27-08-2025,1500,1800,1650
Uttar Pradesh,Sambhal,Sambhal,Potato,Desi,FAQ,27-08-2025,600,1350,1000
Uttar Pradesh,Shravasti,Payagpur,Lemon,Lemon,FAQ,27-08-2025,1700,2000,1800
Uttar Pradesh,Shravasti,Payagpur,Pointed gourd (Parval),Other,FAQ,27-08-2025,3800,4000,3900
Uttar Pradesh,Shravasti,Payagpur,Potato,Red,FAQ,27-08-2025,700,900,800
Uttar Pradesh,Sitapur,Hargaon (Laharpur),Wheat,Dara,FAQ,27-08-2025,2460,2470,2465
Uttrakhand,Dehradoon,Vikasnagar,Pear(Marasebu),Other,Medium,27-08-2025,1400,2000,2000
Uttrakhand,Haridwar,Bhagwanpur(Naveen Mandi Sthal),Bitter gourd,Other,FAQ,27-08-2025,500,1400,600
Uttrakhand,Haridwar,Bhagwanpur(Naveen Mandi Sthal),Potato,Other,Non-FAQ,27-08-2025,500,800,600
Uttrakhand,Haridwar,Bhagwanpur(Naveen Mandi Sthal),Pumpkin,Other,FAQ,27-08-2025,500,800,600
Uttrakhand,Haridwar,Haridwar Union,Apple,Other,Small,27-08-2025,1200,2000,1500
Uttrakhand,Haridwar,Haridwar Union,Bhindi(Ladies Finger),Bhindi,FAQ,27-08-2025,1200,1500,1300
Uttrakhand,Haridwar,Haridwar Union,Brinjal,Other,FAQ,27-08-2025,1200,1500,1300
Uttrakhand,Haridwar,Haridwar Union,Papaya,Other,Medium,27-08-2025,1800,2200,2000
Uttrakhand,Haridwar,Haridwar Union,Potato,Potato,FAQ,27-08-2025,800,1200,1000
Uttrakhand,Haridwar,Manglaur,Pumpkin,Other,FAQ,27-08-2025,800,1200,1000
Uttrakhand,Haridwar,Roorkee,Cucumbar(Kheera),Other,FAQ,27-08-2025,500,700,600
Uttrakhand,Haridwar,Roorkee,Tomato,Other,FAQ,27-08-2025,1000,2000,1500
Uttrakhand,UdhamSinghNagar,Kicchha,Bitter gourd,Bitter Gourd,FAQ,27-08-2025,1100,1300,1200
Uttrakhand,UdhamSinghNagar,Kicchha,Green Chilli,Green Chilly,FAQ,27-08-2025,1100,1300,1200
Uttrakhand,UdhamSinghNagar,Rudrapur,Apple,Other,Medium,27-08-2025,6000,8000,7000
Uttrakhand,UdhamSinghNagar,Rudrapur,Potato,Other,FAQ,27-08-2025,900,1500,1000
Uttrakhand,UdhamSinghNagar,Rudrapur,Sponge gourd,Other,FAQ,27-08-2025,1200,2000,1500
Uttrakhand,UdhamSinghNagar,Rudrapur,Tomato,Other,FAQ,27-08-2025,2000,3000,2500
Uttrakhand,UdhamSinghNagar,Sitarganj,Bitter gourd,Other,FAQ,27-08-2025,1000,1500,1200
Uttrakhand,UdhamSinghNagar,Sitarganj,Onion,Other,Non-FAQ,27-08-2025,1000,1500,1200
Uttrakhand,UdhamSinghNagar,Sitarganj,Potato,Other,FAQ,27-08-2025,1000,1200,1050
Uttrakhand,UdhamSinghNagar,Sitarganj,Pumpkin,Other,FAQ,27-08-2025,800,1500,1000
West Bengal,Dakshin Dinajpur,Balurghat,Bitter gourd,Bitter Gourd,FAQ,27-08-2025,3500,4000,3700
West Bengal,Jalpaiguri,Jalpaiguri Sadar,Brinjal,Other,FAQ,27-08-2025,1700,1900,1800
West Bengal,Jalpaiguri,Jalpaiguri Sadar,Green Chilli,Other,FAQ,27-08-2025,6200,6400,6300
West Bengal,Jhargram,Jhargram,Rice,Common,FAQ,27-08-2025,3600,4000,3800
West Bengal,Medinipur(W),Ghatal,Bitter gourd,Kareli,FAQ,27-08-2025,5100,5300,5200
West Bengal,Medinipur(W),Ghatal,Mustard,Yellow (Black),FAQ,27-08-2025,6000,6200,6100
West Bengal,Medinipur(W),Ghatal,Tomato,Local,FAQ,27-08-2025,6700,6900,6800
Bihar,East Champaran/ Motihari,Chakia,Potato,Jyoti,FAQ,27-08-2025,1400,1600,1500
Gujarat,Amreli,Bagasara,Groundnut,Balli/Habbu,Non-FAQ,27-08-2025,4500,4650,4575
Gujarat,Amreli,Damnagar,Bhindi(Ladies Finger),Bhindi,FAQ,27-08-2025,300,850,600
Gujarat,Amreli,Damnagar,Brinjal,Other,FAQ,27-08-2025,850,1550,1200
Gujarat,Amreli,Damnagar,Green Chilli,Green Chilly,FAQ,27-08-2025,1100,2050,1850
Gujarat,Amreli,Savarkundla,Bajra(Pearl Millet/Cumbu),Deshi,FAQ,27-08-2025,1805,2880,2250
Gujarat,Amreli,Savarkundla,Jowar(Sorghum),Jowar ( White),FAQ,27-08-2025,1900,2800,2220
Gujarat,Chhota Udaipur,Bodeliu,Maize,Deshi Red,FAQ,27-08-2025,2050,2090,2068
Gujarat,Chhota Udaipur,Hadad    ,Cotton,Shanker 6 (B) 30mm FIne,FAQ,27-08-2025,6825,7025,6950
Gujarat,Gandhinagar,Dehgam,Guar,Other,FAQ,27-08-2025,4300,4700,4500
Gujarat,Junagarh,Bhesan,Wheat,Other,FAQ,27-08-2025,2000,2665,2500
Gujarat,Navsari,Navsari,Banana,Amruthapani,Medium,27-08-2025,1000,2000,1500
Gujarat,Navsari,Navsari,Methi(Leaves),Methi,FAQ,27-08-2025,5000,7500,6250
Gujarat,Navsari,Navsari,Pointed gourd (Parval),Other,FAQ,27-08-2025,3000,3500,3250
Gujarat,Navsari,Navsari,Potato,(Red Nanital),FAQ,27-08-2025,800,2000,1400
Gujarat,Rajkot,Dhoraji,Green Gram (Moong)(Whole),Local,Non-FAQ,27-08-2025,5000,7605,7605
Gujarat,Rajkot,Rajkot(Veg.Sub Yard),Brinjal,Brinjal,FAQ,27-08-2025,500,2000,1250
Gujarat,Rajkot,Rajkot(Veg.Sub Yard),Coriander(Leaves),Coriander,FAQ,27-08-2025,500,3000,1750
Gujarat,Surendranagar,Dhragradhra,Wheat,Wheat,FAQ,27-08-2025,2635,2635,2635
Gujarat,Vadodara(Baroda),Padra,Cluster beans,Other,FAQ,27-08-2025,1500,2000,1750
Gujarat,Vadodara(Baroda),Padra,Cowpea(Veg),Other,FAQ,27-08-2025,4000,5000,4500
Gujarat,Vadodara(Baroda),Padra,Onion,Other,FAQ,27-08-2025,1500,2100,1800
Gujarat,Vadodara(Baroda),Padra,Pointed gourd (Parval),Other,FAQ,27-08-2025,2250,2500,2400
Gujarat,Vadodara(Baroda),Padra,Spinach,Other,FAQ,27-08-2025,3000,4000,3500
Haryana,Bhiwani,Bhiwani,Banana,Medium,Large,27-08-2025,5740,6120,5890
Haryana,Bhiwani,Bhiwani,Cabbage,Other,FAQ,27-08-2025,1240,1530,1411
Haryana,Bhiwani,Bhiwani,Guava,Guava,Large,27-08-2025,2510,3210,2888
Haryana,Bhiwani,Bhiwani,Tomato,Tomato,FAQ,27-08-2025,4210,5000,4540
Haryana,Hissar,Barwala(Hisar),Bhindi(Ladies Finger),Other,FAQ,27-08-2025,2800,3000,2900
Haryana,Hissar,Barwala(Hisar),Guava,Other,Medium,27-08-2025,1200,1500,1400
Haryana,Hissar,Barwala(Hisar),Leafy Vegetable,Other,FAQ,27-08-2025,2000,2500,2200
Haryana,Hissar,Barwala(Hisar),Mango,Other,Medium,27-08-2025,10000,12000,11000
Haryana,Hissar,Barwala(Hisar),Pumpkin,Other,FAQ,27-08-2025,800,1000,900
Haryana,Hissar,Barwala(Hisar),Tomato,Other,FAQ,27-08-2025,2800,3000,2900
Haryana,Hissar,Hansi,Apple,Other,Medium,27-08-2025,5000,15000,10000
Haryana,Hissar,Hansi,Brinjal,Other,FAQ,27-08-2025,2000,2500,2200
Haryana,Hissar,Hansi,Cabbage,Other,FAQ,27-08-2025,2000,2500,2300
Haryana,Hissar,Hansi,Ginger(Dry),Other,FAQ,27-08-2025,6000,8000,7000
Haryana,Hissar,Hansi,Mango,Other,Medium,27-08-2025,10000,15000,12000
Haryana,Hissar,Hansi,Potato,Other,Non-FAQ,27-08-2025,1000,3500,1500
Haryana,Hissar,Hansi,Raddish,Other,FAQ,27-08-2025,2000,3000,2500
Haryana,Hissar,Hansi,Spinach,Other,FAQ,27-08-2025,2500,3500,3000
Haryana,Hissar,Hansi,Tomato,Other,Non-FAQ,27-08-2025,3000,5000,4000
Haryana,Hissar,Uklana,Bhindi(Ladies Finger),Bhindi,FAQ,27-08-2025,2000,2200,2200
Haryana,Hissar,Uklana,Bitter gourd,Bitter Gourd,FAQ,27-08-2025,3000,3000,3000
Haryana,Jhajar,Jhajjar,Brinjal,Other,FAQ,27-08-2025,1900,2100,2000
Haryana,Jhajar,Jhajjar,Potato,Other,FAQ,27-08-2025,1300,1500,1400
Haryana,Jhajar,Jhajjar,Tomato,Other,FAQ,27-08-2025,3800,4200,4000
Haryana,Kaithal,Cheeka,Potato,Other,Non-FAQ,27-08-2025,800,900,850
Haryana,Mahendragarh-Narnaul,Narnaul,Apple,Apple,Medium,27-08-2025,6000,9000,8000
Haryana,Mahendragarh-Narnaul,Narnaul,Green Chilli,Green Chilly,FAQ,27-08-2025,2500,4000,3500
Haryana,Mahendragarh-Narnaul,Narnaul,Lemon,Lemon,FAQ,27-08-2025,3000,4000,3500
Haryana,Mahendragarh-Narnaul,Narnaul,Mousambi(Sweet Lime),Mousambi,Medium,27-08-2025,3000,3000,3000
Haryana,Mahendragarh-Narnaul,Narnaul,Potato,Potato,FAQ,27-08-2025,1300,1300,1300
Haryana,Mahendragarh-Narnaul,Narnaul,Tender Coconut,Tender Coconut,Medium,27-08-2025,5000,5000,5000
Haryana,Mewat,Punhana,Onion,Other,FAQ,27-08-2025,2000,2000,2000
Haryana,Panchkula,Raipur Rai,Green Chilli,Other,FAQ,27-08-2025,2800,3000,2800
Haryana,Panchkula,Raipur Rai,Potato,Other,FAQ,27-08-2025,800,1000,800
Haryana,Panipat,Panipat,Raddish,Other,FAQ,27-08-2025,1000,1800,1400
Haryana,Panipat,Samalkha,Bhindi(Ladies Finger),Bhindi,FAQ,27-08-2025,1600,1600,1600
Haryana,Panipat,Samalkha,Cucumbar(Kheera),Cucumbar,FAQ,27-08-2025,2000,2000,2000
Haryana,Rewari,Kosli,Banana,Other,Medium,27-08-2025,2000,2000,2000
Haryana,Rewari,Kosli,Bottle gourd,Bottle Gourd,FAQ,27-08-2025,1000,1000,1000
Haryana,Rewari,Kosli,Potato,Other,FAQ,27-08-2025,1000,1000,1000
Haryana,Rewari,Kosli,Pumpkin,Other,FAQ,27-08-2025,1000,1000,1000
Haryana,Rewari,Rewari,Apple,Apple,Medium,27-08-2025,5000,15000,10000
Haryana,Rewari,Rewari,Potato,Other,Non-FAQ,27-08-2025,1000,1800,1400
Haryana,Rohtak,Meham,Papaya (Raw),Other,FAQ,27-08-2025,3000,3000,3000
Haryana,Rohtak,Meham,Potato,Other,FAQ,27-08-2025,1200,1200,1200
Haryana,Rohtak,Sampla,Apple,Other,Large,27-08-2025,6000,7000,7000
Haryana,Rohtak,Sampla,Potato,Other,FAQ,27-08-2025,1200,1200,1200
Haryana,Rohtak,Sampla,Tomato,Other,FAQ,27-08-2025,5000,5000,5000
Haryana,Sirsa,kalanwali,Cucumbar(Kheera),Other,FAQ,27-08-2025,1500,1500,1500
Haryana,Sirsa,kalanwali,Guava,Other,Medium,27-08-2025,1500,1500,1500
Haryana,Sonipat,Ganaur,Brinjal,Brinjal,FAQ,27-08-2025,2800,3000,2800
Haryana,Sonipat,Ganaur,Cabbage,Cabbage,FAQ,27-08-2025,2200,2500,2400
Haryana,Sonipat,Ganaur,Ginger(Green),Green Ginger,FAQ,27-08-2025,6000,7000,6500
Haryana,Sonipat,Ganaur,Lemon,Lemon,FAQ,27-08-2025,7000,8000,7500
Haryana,Sonipat,Ganaur,Pomegranate,Pomogranate,Medium,27-08-2025,9000,10000,9500
Haryana,Sonipat,Ganaur,Tomato,Tomato,FAQ,27-08-2025,3200,4000,3800
Haryana,Sonipat,Gohana,Raddish,Other,FAQ,27-08-2025,1500,2000,1800
Haryana,Yamuna Nagar,Chhachrauli,Ginger(Dry),Dry,FAQ,27-08-2025,5000,5000,5000
Haryana,Yamuna Nagar,Radaur,Bitter gourd,Other,FAQ,27-08-2025,2100,2700,2400
Haryana,Yamuna Nagar,Radaur,Onion,Other,FAQ,27-08-2025,1400,1600,1500
Himachal Pradesh,Hamirpur,Hamirpur,Apple,Other,Medium,27-08-2025,7000,9000,8000
Himachal Pradesh,Hamirpur,Hamirpur,Capsicum,Other,FAQ,27-08-2025,8000,10000,9000
Himachal Pradesh,Hamirpur,Hamirpur,Cauliflower,Other,FAQ,27-08-2025,5000,6000,5500
Himachal Pradesh,Hamirpur,Hamirpur,Ginger(Green),Other,FAQ,27-08-2025,10000,13000,11500
Himachal Pradesh,Hamirpur,Hamirpur,Green Chilli,Other,FAQ,27-08-2025,6500,7000,6700
Himachal Pradesh,Hamirpur,Hamirpur,Guava,Other,Medium,27-08-2025,6000,7000,6500
Himachal Pradesh,Hamirpur,Hamirpur,Pineapple,Pine Apple,Medium,27-08-2025,5000,5000,5000
Himachal Pradesh,Hamirpur,Hamirpur(Nadaun),Bottle gourd,Other,FAQ,27-08-2025,3500,5000,4200
Himachal Pradesh,Hamirpur,Hamirpur(Nadaun),Onion,Other,FAQ,27-08-2025,2200,2600,2400
Himachal Pradesh,Hamirpur,Hamirpur(Nadaun),Tomato,Other,FAQ,27-08-2025,4500,5000,4700
Himachal Pradesh,Kangra,Dharamshala,Apple,Other,Medium,27-08-2025,7000,8000,7500
Himachal Pradesh,Kangra,Dharamshala,Bhindi(Ladies Finger),Bhindi,FAQ,27-08-2025,4000,4500,4250
Himachal Pradesh,Kangra,Dharamshala,Cucumbar(Kheera),Other,FAQ,27-08-2025,3000,3200,3100
Himachal Pradesh,Kangra,Dharamshala,Mousambi(Sweet Lime),Other,Medium,27-08-2025,5000,5500,5250
Himachal Pradesh,Kangra,Dharamshala,Onion,Other,FAQ,27-08-2025,2500,2600,2550
Himachal Pradesh,Kangra,Kangra,Banana,Other,Medium,27-08-2025,4400,5000,4600
Himachal Pradesh,Kangra,Kangra,Bhindi(Ladies Finger),Other,FAQ,27-08-2025,3000,3500,3200
Himachal Pradesh,Kangra,Kangra,Bitter gourd,Other,FAQ,27-08-2025,4500,5000,4700
Himachal Pradesh,Kangra,Kangra,Cabbage,Other,FAQ,27-08-2025,2000,3500,2500
Himachal Pradesh,Kangra,Kangra,Capsicum,Other,FAQ,27-08-2025,6500,7000,6700
Himachal Pradesh,Kangra,Kangra,Green Chilli,Other,FAQ,27-08-2025,6000,6500,6200
Himachal Pradesh,Kangra,Kangra,Pomegranate,Other,Medium,27-08-2025,10000,12000,11000
Himachal Pradesh,Kangra,Kangra,Tomato,Other,FAQ,27-08-2025,2800,3800,3000
Himachal Pradesh,Kangra,Kangra(Baijnath),Bitter gourd,Bitter Gourd,FAQ,27-08-2025,4000,4200,4100
Himachal Pradesh,Kangra,Kangra(Baijnath),Colacasia,Colacasia,FAQ,27-08-2025,3000,3200,3100
Himachal Pradesh,Kangra,Kangra(Baijnath),Coriander(Leaves),Coriander,FAQ,27-08-2025,30000,35000,32000
Himachal Pradesh,Kangra,Kangra(Baijnath),Guava,Guava,Medium,27-08-2025,5500,6500,6000
Himachal Pradesh,Kangra,Kangra(Baijnath),Potato,Potato,FAQ,27-08-2025,1600,2500,2000
Himachal Pradesh,Kangra,Kangra(Jaisinghpur),Onion,1st Sort,FAQ,27-08-2025,2600,2800,2750
Himachal Pradesh,Kangra,Kangra(Jaisinghpur),Sponge gourd,Sponge gourd,FAQ,27-08-2025,3800,4500,4200
Himachal Pradesh,Kangra,Kangra(Nagrota Bagwan),Apple,American,Medium,27-08-2025,3000,8000,6500
Himachal Pradesh,Kangra,Kangra(Nagrota Bagwan),Green Chilli,Green Chilly,FAQ,27-08-2025,6000,6500,6200
Himachal Pradesh,Kangra,Kangra(Nagrota Bagwan),Guava,Guava,Medium,27-08-2025,4500,5500,5000
Himachal Pradesh,Kangra,Kangra(Nagrota Bagwan),Mousambi(Sweet Lime),Mousambi,Medium,27-08-2025,4500,5500,5000
Himachal Pradesh,Kangra,Kangra(Nagrota Bagwan),Raddish,Other,FAQ,27-08-2025,2000,2200,2100
Himachal Pradesh,Kangra,Kangra(Nagrota Bagwan),Tomato,Deshi,FAQ,27-08-2025,2800,3800,3400
Himachal Pradesh,Kangra,Palampur,Capsicum,Capsicum,FAQ,27-08-2025,6000,6500,6300
Himachal Pradesh,Kangra,Palampur,Green Chilli,Green Chilly,FAQ,27-08-2025,6000,7000,6500
Himachal Pradesh,Kangra,Palampur,Mashrooms,Other,FAQ,27-08-2025,19000,20000,19500
Himachal Pradesh,Kangra,Palampur,Onion,Other,FAQ,27-08-2025,2500,2600,2550
Himachal Pradesh,Kangra,Palampur,Pomegranate,Other,Medium,27-08-2025,7000,12500,9800
Himachal Pradesh,Kangra,Palampur,Tomato,Tomato,FAQ,27-08-2025,3500,4400,3900
Himachal Pradesh,Sirmore,Paonta Sahib,Bhindi(Ladies Finger),Other,FAQ,27-08-2025,2000,2500,2200
Himachal Pradesh,Sirmore,Paonta Sahib,Brinjal,Other,FAQ,27-08-2025,3500,4000,3800
Himachal Pradesh,Sirmore,Paonta Sahib,Coriander(Leaves),Other,FAQ,27-08-2025,12000,16000,14000
Himachal Pradesh,Sirmore,Paonta Sahib,Guava,Other,Large,27-08-2025,1000,6000,3500
Himachal Pradesh,Sirmore,Paonta Sahib,Onion,Other,FAQ,27-08-2025,1800,2000,1900
Himachal Pradesh,Sirmore,Paonta Sahib,Papaya,Other,Large,27-08-2025,3500,4000,3800
Himachal Pradesh,Solan,Solan,Brinjal,Other,FAQ,27-08-2025,3000,3500,3200
Himachal Pradesh,Solan,Solan,Cauliflower,Other,FAQ,27-08-2025,1000,1500,1400
Himachal Pradesh,Solan,Solan,Green Chilli,Other,FAQ,27-08-2025,4500,5500,5000
Himachal Pradesh,Solan,Solan,Mashrooms,Other,FAQ,27-08-2025,13000,14000,14000
Himachal Pradesh,Solan,Solan,Mousambi(Sweet Lime),Other,Medium,27-08-2025,4500,5000,5000
Himachal Pradesh,Solan,Solan,Tomato,Other,FAQ,27-08-2025,800,5200,2900
Kerala,Alappuzha,Chengannur,Beetroot,Beetroot,FAQ,27-08-2025,3900,4300,4000
Kerala,Alappuzha,Chengannur,Bottle gourd,Other,FAQ,27-08-2025,1900,2200,2000
Kerala,Alappuzha,Chengannur,Cluster beans,Cluster Beans,FAQ,27-08-2025,6500,7300,7000
Kerala,Alappuzha,Chengannur,Colacasia,Colacasia,FAQ,27-08-2025,6500,6800,6700
Kerala,Alappuzha,Chengannur,Drumstick,Other,FAQ,27-08-2025,3500,4000,3800
Kerala,Alappuzha,Chengannur,Garlic,Garlic,FAQ,27-08-2025,0,0,12000
Kerala,Alappuzha,Chengannur,Pumpkin,Other,FAQ,27-08-2025,1700,2000,1800
Kerala,Alappuzha,Chengannur,Snakeguard,Other,FAQ,27-08-2025,3900,4200,4000
Kerala,Alappuzha,Cherthala,Cabbage,Cabbage,FAQ,27-08-2025,4000,4200,4100
Kerala,Alappuzha,Cherthala,Green Chilli,Green Chilly,FAQ,27-08-2025,6000,6200,6100
Kerala,Alappuzha,Harippad,Carrot,Other,FAQ,27-08-2025,6000,6500,6000
Kerala,Alappuzha,Harippad,Pineapple,Other,Medium,27-08-2025,5000,5500,5000
Kerala,Ernakulam,Amalapuram  VFPCK,Banana,Robusta,Large,27-08-2025,1800,2000,1900
Kerala,Ernakulam,Edackattuvayal  VFPCK,Cucumbar(Kheera),Cucumbar,FAQ,27-08-2025,2455,2465,2460
Kerala,Ernakulam,North Paravur,Amphophalus,Amphophalus,FAQ,27-08-2025,4500,5000,4800
Kerala,Ernakulam,North Paravur,Ashgourd,Ashgourd,FAQ,27-08-2025,3000,3500,3200
Kerala,Ernakulam,North Paravur,Beetroot,Beetroot,FAQ,27-08-2025,3000,4000,3500
Kerala,Ernakulam,North Paravur,Black pepper,Garbled,FAQ,27-08-2025,75000,95000,80000
Kerala,Ernakulam,North Paravur,Bottle gourd,Bottle Gourd,FAQ,27-08-2025,2000,2500,2200
Kerala,Ernakulam,North Paravur,Coriander(Leaves),Coriander,FAQ,27-08-2025,7000,8000,7500
Kerala,Ernakulam,North Paravur,Ginger(Green),Green Ginger,FAQ,27-08-2025,7500,8000,7800
Kerala,Ernakulam,North Paravur,Indian Beans (Seam),Indian Beans (Seam),FAQ,27-08-2025,5000,6000,5500
Kerala,Ernakulam,North Paravur,Potato,(Red Nanital),FAQ,27-08-2025,4000,5000,4500
Kerala,Ernakulam,Thrippunithura,Beetroot,Beetroot,FAQ,27-08-2025,6500,7000,6700
Kerala,Ernakulam,Thrippunithura,Bitter gourd,Bitter Gourd,FAQ,27-08-2025,6600,7800,6800
Kerala,Ernakulam,Thrippunithura,Carrot,Carrot,FAQ,27-08-2025,8000,9000,8200
Kerala,Ernakulam,Thrippunithura,Green Chilli,Green Chilly,FAQ,27-08-2025,6000,8000,6500
Kerala,Kannur,Kannur,Black pepper,Other,FAQ,27-08-2025,69000,70400,69800
Kerala,Kannur,Kannur,Coconut Oil,Other,FAQ,27-08-2025,36800,40500,40000
Kerala,Kannur,Payyannur,Ashgourd,Other,FAQ,27-08-2025,3700,3900,3800
Kerala,Kannur,Payyannur,Banana,Other,Medium,27-08-2025,4200,4400,4300
Kerala,Kannur,Taliparamba,Brinjal,Brinjal,FAQ,27-08-2025,4900,5100,5000
Kerala,Kannur,Taliparamba,Cucumbar(Kheera),Other,FAQ,27-08-2025,3300,3500,3400
Kerala,Kannur,Taliparamba,Potato,Potato,FAQ,27-08-2025,3100,3300,3200
Kerala,Kannur,Taliparamba,Tomato,Tomato,FAQ,27-08-2025,3900,4100,4000
Kerala,Kottayam,Ettumanoor,Ashgourd,Other,FAQ,27-08-2025,3400,3600,3500
Kerala,Kottayam,Ettumanoor,Bhindi(Ladies Finger),Other,FAQ,27-08-2025,3400,3800,3600
Kerala,Kottayam,Ettumanoor,Cluster beans,Other,FAQ,27-08-2025,4200,4600,4400
Kerala,Kottayam,Ettumanoor,Coconut,Medium,FAQ,27-08-2025,7200,7600,7400
Kerala,Kottayam,Ettumanoor,Cucumbar(Kheera),Cucumbar,FAQ,27-08-2025,4500,4900,4700
Kerala,Kottayam,Ettumanoor,Drumstick,Drumstick,FAQ,27-08-2025,3800,4000,3900
Kerala,Kottayam,Ettumanoor,Elephant Yam (Suran),Other,FAQ,27-08-2025,4200,4600,4400
Kerala,Kottayam,Ettumanoor,Green Chilli,Green Chilly,FAQ,27-08-2025,5000,5400,5200
Kerala,Kottayam,Ettumanoor,Mango (Raw-Ripe),Mango - Raw-Ripe,FAQ,27-08-2025,7200,7600,7400
Kerala,Kottayam,Kuruppanthura,Bitter gourd,Bitter Gourd,FAQ,27-08-2025,4800,6000,5000
Kerala,Kottayam,Kuruppanthura,Brinjal,Brinjal,FAQ,27-08-2025,4600,6000,5000
Kerala,Kottayam,Kuruppanthura,Cowpea(Veg),Cowpea (Veg),FAQ,27-08-2025,6000,8000,7000
Kerala,Kottayam,Kuruppanthura,Ginger(Green),Green Ginger,FAQ,27-08-2025,8600,10000,9000
Kerala,Kottayam,Kuruppanthura,Lemon,Lemon,FAQ,27-08-2025,6000,8400,7000
Kerala,Kottayam,Kuruppanthura,Onion,Onion,FAQ,27-08-2025,5000,6000,5800
Kerala,Kottayam,Kuruppanthura,Pumpkin,Pumpkin,FAQ,27-08-2025,3000,3600,3500
Kerala,Kottayam,Pampady,Cucumbar(Kheera),Other,FAQ,27-08-2025,2800,4500,3500
Kerala,Kottayam,Pampady,Indian Beans (Seam),Other,FAQ,27-08-2025,6500,8000,7500
Kerala,Kottayam,Pampady,Mango (Raw-Ripe),Other,FAQ,27-08-2025,7500,8500,8000
Kerala,Kottayam,Pampady,Onion,Big,FAQ,27-08-2025,2300,3000,2500
Kerala,Kozhikode(Calicut),Kallachi,Ashgourd,Ashgourd,FAQ,27-08-2025,3200,3600,3400
Kerala,Kozhikode(Calicut),Kallachi,Banana,Nendra Bale,Medium,27-08-2025,4800,5200,5000
Kerala,Kozhikode(Calicut),Kallachi,Banana,Rasakathai,Medium,27-08-2025,5300,5700,5500
Kerala,Kozhikode(Calicut),Kallachi,Onion,Other,Non-FAQ,27-08-2025,5300,5700,5500
Kerala,Kozhikode(Calicut),Kallachi,Potato,Other,FAQ,27-08-2025,2600,3000,2800
Kerala,Kozhikode(Calicut),Kallachi,Snakeguard,Snakeguard,FAQ,27-08-2025,4200,4600,4400
Kerala,Kozhikode(Calicut),Mukkom,Amaranthus,Amaranthus,FAQ,27-08-2025,3500,3700,3600
Kerala,Kozhikode(Calicut),Mukkom,Banana,Other,Large,27-08-2025,5000,5500,5200
Kerala,Kozhikode(Calicut),Mukkom,Brinjal,Brinjal,FAQ,27-08-2025,3500,3800,3600
Kerala,Kozhikode(Calicut),Mukkom,Cabbage,Cabbage,FAQ,27-08-2025,2800,3200,3000
Kerala,Kozhikode(Calicut),Mukkom,Carrot,Carrot,FAQ,27-08-2025,6500,7000,6700
Kerala,Kozhikode(Calicut),Mukkom,Coconut Seed,Other,FAQ,27-08-2025,6800,7000,6900
Kerala,Kozhikode(Calicut),Mukkom,Cowpea(Veg),Cowpea (Veg),FAQ,27-08-2025,5000,5500,5200
Kerala,Kozhikode(Calicut),Mukkom,Pumpkin,Pumpkin,FAQ,27-08-2025,2500,2800,2600
Kerala,Kozhikode(Calicut),Palayam,Banana - Green,Other,FAQ,27-08-2025,3800,3800,3800
Kerala,Kozhikode(Calicut),Palayam,Bhindi(Ladies Finger),Other,FAQ,27-08-2025,2800,2800,2800
Kerala,Kozhikode(Calicut),Palayam,Onion,Other,FAQ,27-08-2025,2100,2100,2100
Kerala,Kozhikode(Calicut),Palayam,Tomato,Other,FAQ,27-08-2025,3750,3750,3750
Kerala,Kozhikode(Calicut),Perambra,Beetroot,Other,FAQ,27-08-2025,2800,3500,3000
Kerala,Kozhikode(Calicut),Perambra,Cabbage,Other,FAQ,27-08-2025,2500,3000,2500
Kerala,Kozhikode(Calicut),Perambra,Pumpkin,Other,FAQ,27-08-2025,2800,3200,3000
Kerala,Kozhikode(Calicut),Quilandy,Ashgourd,Other,FAQ,27-08-2025,2900,3200,3000
Kerala,Kozhikode(Calicut),Quilandy,Banana - Green,Other,FAQ,27-08-2025,4400,4500,4500
Kerala,Kozhikode(Calicut),Quilandy,Bitter gourd,Other,FAQ,27-08-2025,4500,4600,4500
Kerala,Kozhikode(Calicut),Quilandy,Cluster beans,Other,FAQ,27-08-2025,4800,5000,5000
Kerala,Kozhikode(Calicut),Quilandy,French Beans (Frasbean),Other,FAQ,27-08-2025,4800,5000,5000
Kerala,Kozhikode(Calicut),Thamarassery,Beetroot,Other,FAQ,27-08-2025,4300,5000,4600
Kerala,Kozhikode(Calicut),Thamarassery,Cowpea(Veg),Other,FAQ,27-08-2025,3900,4500,4100
Kerala,Kozhikode(Calicut),Thamarassery,Cucumbar(Kheera),Other,FAQ,27-08-2025,3800,4500,4100
Kerala,Kozhikode(Calicut),Thamarassery,Ginger(Green),Other,FAQ,27-08-2025,5100,7000,5800
Kerala,Kozhikode(Calicut),Thamarassery,Green Chilli,Other,FAQ,27-08-2025,4100,4900,4500
Kerala,Kozhikode(Calicut),Thamarassery,Potato,Other,FAQ,27-08-2025,2200,2900,2400
Kerala,Kozhikode(Calicut),Vengeri(Kozhikode),Ashgourd,Ashgourd,FAQ,27-08-2025,2700,3000,3000
Kerala,Kozhikode(Calicut),Vengeri(Kozhikode),Bhindi(Ladies Finger),Bhindi,FAQ,27-08-2025,2800,3100,3100
Kerala,Kozhikode(Calicut),Vengeri(Kozhikode),Pumpkin,Pumpkin,FAQ,27-08-2025,2500,2800,2800
Kerala,Palakad,Koduvayoor,Ashgourd,Other,FAQ,27-08-2025,2000,2400,2200
Kerala,Palakad,Koduvayoor,Bitter gourd,Other,FAQ,27-08-2025,4200,4600,4400
Kerala,Palakad,Koduvayoor,Bottle gourd,Other,FAQ,27-08-2025,3600,4000,3800
Kerala,Palakad,Koduvayoor,Carrot,Other,FAQ,27-08-2025,5200,5600,5400
Kerala,Palakad,Koduvayoor,Cauliflower,Other,FAQ,27-08-2025,2400,2800,2600
Kerala,Palakad,Koduvayoor,Cucumbar(Kheera),Cucumbar,FAQ,27-08-2025,3400,3800,3600
Kerala,Palakad,Pattambi,Banana,Nendra Bale,Medium,27-08-2025,5500,6000,5800
Kerala,Palakad,Pattambi,Cabbage,Other,FAQ,27-08-2025,1600,2000,1800
Kerala,Palakad,Pattambi,Carrot,Carrot,FAQ,27-08-2025,6500,7000,6800
Kerala,Palakad,Pattambi,Colacasia,Other,FAQ,27-08-2025,7000,7500,7200
Kerala,Palakad,Pattambi,Drumstick,Other,FAQ,27-08-2025,3500,4000,3800
Kerala,Palakad,Pattambi,Little gourd (Kundru),Other,FAQ,27-08-2025,6000,6500,6200
Kerala,Palakad,Pattambi,Onion,Big,FAQ,27-08-2025,2300,2500,2400
Kerala,Palakad,Pattambi,Potato,Other,FAQ,27-08-2025,2600,3000,2800
Kerala,Palakad,Pattambi,Tapioca,Other,FAQ,27-08-2025,2600,3000,2800
Kerala,Pathanamthitta,Kuttoor,Ashgourd,Ashgourd,FAQ,27-08-2025,4600,5000,4800
Kerala,Pathanamthitta,Kuttoor,Banana,Nendra Bale,Large,27-08-2025,7600,8000,7800
Kerala,Pathanamthitta,Kuttoor,Coconut Seed,Other,FAQ,27-08-2025,18200,18600,18400
Kerala,Pathanamthitta,Kuttoor,Rubber,Other,FAQ,27-08-2025,18100,18500,18300
Kerala,Thirssur,KADUKUTTY VFPCK,Banana,Robusta,Large,27-08-2025,1800,2200,2000
Kerala,Thirssur,Marottichal  VFPCK,Banana,Poovan,Medium,27-08-2025,4500,4500,4500
Kerala,Thirssur,Marottichal  VFPCK,Banana,Robusta,Medium,27-08-2025,1500,2200,1911
Kerala,Thirssur,Nooluvally  VFPCK,Banana,Robusta,Medium,27-08-2025,1800,2200,2034
Kerala,Thirssur,Pariyaram VFPCK,Bhindi(Ladies Finger),Bhindi,FAQ,27-08-2025,3800,5000,4500
Kerala,Thiruvananthapuram,Chala,Apple,Other,Small,27-08-2025,8000,8000,8000
Kerala,Thiruvananthapuram,Chala,Banana - Green,Other,FAQ,27-08-2025,4400,4500,4400
Kerala,Thiruvananthapuram,Chala,Capsicum,Capsicum,FAQ,27-08-2025,6300,6300,6300
Kerala,Thiruvananthapuram,Chala,Cauliflower,Other,FAQ,27-08-2025,4500,4600,4500
Kerala,Thiruvananthapuram,Chala,Cowpea(Veg),Other,FAQ,27-08-2025,7000,7100,7000
Kerala,Thiruvananthapuram,Chala,Lemon,Other,FAQ,27-08-2025,7500,7500,7500
Kerala,Thiruvananthapuram,Chala,Orange,Other,Medium,27-08-2025,10000,10000,10000
Kerala,Thiruvananthapuram,Neyyatinkara,Ginger(Green),Green Ginger,FAQ,27-08-2025,7400,8000,7600
Kerala,Thiruvananthapuram,Neyyatinkara,Green Chilli,Green Chilly,FAQ,27-08-2025,7400,8000,7600
Kerala,Thiruvananthapuram,PAPPANCHANI VFPCK,Snakeguard,Other,FAQ,27-08-2025,48,50,49
Kerala,Thiruvananthapuram,Parassala,Banana,Rasakathai,Medium,27-08-2025,6000,6200,6000
Kerala,Thiruvananthapuram,Parassala,Cabbage,Cabbage,FAQ,27-08-2025,2800,3000,2800
Kerala,Thiruvananthapuram,Parassala,Carrot,Carrot,FAQ,27-08-2025,3800,4000,3800
Kerala,Thiruvananthapuram,Parassala,Cluster beans,Cluster Beans,FAQ,27-08-2025,3800,4000,3800
Kerala,Thiruvananthapuram,Parassala,Lemon,Lemon,FAQ,27-08-2025,4800,5000,4800
Kerala,Wayanad,Manathavady,Rubber,Other,FAQ,27-08-2025,18100,18200,18200
Madhya Pradesh,Alirajpur,Alirajpur,Soyabean,Soyabeen,FAQ,27-08-2025,3875,3900,3900
Madhya Pradesh,Anupur,Anuppur,Wheat,Wheat,Non-FAQ,27-08-2025,2500,2500,2500
Madhya Pradesh,Badwani,Badwani,Green Gram (Moong)(Whole),Green (Whole),FAQ,27-08-2025,7000,7000,7000
Madhya Pradesh,Dindori,Dindori,Paddy(Dhan)(Common),Other,Non-FAQ,27-08-2025,1930,1980,1930
Madhya Pradesh,Indore,Gautampura,Garlic,Garlic,FAQ,27-08-2025,1500,5000,1500
Madhya Pradesh,Katni,Katni,Wheat,Mill Quality,Non-FAQ,27-08-2025,2500,2530,2530
Madhya Pradesh,Mandla,Mandla,Wheat,Mill Quality,FAQ,27-08-2025,2510,2515,2515
Madhya Pradesh,Mandla,Nainpur,Paddy(Dhan)(Common),Paddy,FAQ,27-08-2025,2400,2400,2400
Madhya Pradesh,Narsinghpur,Narsinghpur,Wheat,Mill Quality,FAQ,27-08-2025,2600,2600,2600
Madhya Pradesh,Panna,Devandranagar,Wheat,Mill Quality,Non-FAQ,27-08-2025,2505,2510,2510
Madhya Pradesh,Raisen,Gairatganj,Wheat,Wheat,FAQ,27-08-2025,2675,2675,2675
Madhya Pradesh,Raisen,Raisen,Wheat,Mill Quality,FAQ,27-08-2025,2500,2500,2500
Madhya Pradesh,Rajgarh,Khujner,Wheat,Wheat,FAQ,27-08-2025,2620,2620,2620
Madhya Pradesh,Rajgarh,Machalpur,Wheat,Wheat,FAQ,27-08-2025,2600,2600,2600
Madhya Pradesh,Sagar,Banda,Wheat,Wheat,Non-FAQ,27-08-2025,2500,2600,2600
Madhya Pradesh,Seoni,Seoni,Mustard,Mustard,Non-FAQ,27-08-2025,6950,6950,6950
Madhya Pradesh,Vidisha,Ganjbasoda,Wheat,Mill Quality,FAQ,27-08-2025,2520,2530,2530
Maharashtra,Ahmednagar,Shrirampur,Cucumbar(Kheera),Other,Local,27-08-2025,1000,1200,1100
Maharashtra,Ahmednagar,Shrirampur,Ginger(Green),Other,Local,27-08-2025,2000,2500,2250
Maharashtra,Ahmednagar,Shrirampur,Guar,Other,Local,27-08-2025,5000,6000,5500
Maharashtra,Ahmednagar,Shrirampur,Ridgeguard(Tori),Other,Local,27-08-2025,2000,2500,2250
Maharashtra,Ahmednagar,Shrirampur,Tomato,Other,Local,27-08-2025,1500,2500,2000
Maharashtra,Pune,Pune(Pimpri),Onion,Local,Local,27-08-2025,1300,1500,1400
Nagaland,Dimapur,Dimapur,Leafy Vegetable,Leafy Vegetables,FAQ,27-08-2025,2500,3500,3000
Nagaland,Dimapur,Nuiland,Arecanut(Betelnut/Supari),Red,FAQ,27-08-2025,2500,2700,2600
Nagaland,Kohima,Kohima,Cabbage,Cabbage,FAQ,27-08-2025,4000,4200,4100
Nagaland,Kohima,Kohima,Potato,Potato,FAQ,27-08-2025,4000,4200,4100
Nagaland,Mokokchung,Mangkolemba,Pumpkin,Other,FAQ,27-08-2025,4500,5500,5000
Odisha,Balasore,Nilagiri,Brinjal,Other,FAQ,27-08-2025,3900,4000,3950
Odisha,Balasore,Nilagiri,Cucumbar(Kheera),Other,FAQ,27-08-2025,3900,4100,4000
Odisha,Balasore,Nilagiri,Pumpkin,Other,FAQ,27-08-2025,1000,1200,1100
Odisha,Boudh,Boudh,Bitter gourd,Other,FAQ,27-08-2025,3500,4500,4000
Odisha,Boudh,Boudh,Green Chilli,Other,FAQ,27-08-2025,6800,7250,7000
Odisha,Boudh,Boudh,Onion,Other,Non-FAQ,27-08-2025,2000,2400,2200
Odisha,Boudh,Boudh,Pointed gourd (Parval),Other,FAQ,27-08-2025,4500,6000,5500
Odisha,Boudh,Boudh,Pumpkin,Other,FAQ,27-08-2025,1000,1500,1200
Odisha,Boudh,Boudh,Tomato,Other,FAQ,27-08-2025,4500,5500,5000
Odisha,Boudh,Khunthabandha,Brinjal,Other,FAQ,27-08-2025,3800,4200,4000
Odisha,Boudh,Khunthabandha,Drumstick,Drumstick,FAQ,27-08-2025,5500,6500,6000
Odisha,Dhenkanal,Hindol,Beans,Other,FAQ,27-08-2025,7500,8000,7800
Odisha,Dhenkanal,Hindol,Bhindi(Ladies Finger),Bhindi,FAQ,27-08-2025,4500,5000,4800
Odisha,Dhenkanal,Hindol,Bitter gourd,Bitter Gourd,FAQ,27-08-2025,4400,4600,4500
Odisha,Dhenkanal,Hindol,Brinjal,Brinjal,FAQ,27-08-2025,4000,5000,4500
Odisha,Dhenkanal,Hindol,Cucumbar(Kheera),Cucumbar,FAQ,27-08-2025,4000,4500,4200
Odisha,Dhenkanal,Hindol,Pumpkin,Pumpkin,FAQ,27-08-2025,2400,2600,2500
Odisha,Jharsuguda,Jharsuguda,Potato,Other,Non-FAQ,27-08-2025,2000,2500,2000
Punjab,Fazilka,Fazilka,Bhindi(Ladies Finger),Other,FAQ,27-08-2025,3000,5000,4000
Punjab,Fazilka,Fazilka,Papaya,Other,Medium,27-08-2025,2000,4000,3000
Punjab,Ferozpur,Zira,Capsicum,Capsicum,FAQ,27-08-2025,5000,6000,5500
Punjab,Ferozpur,Zira,Green Chilli,Green Chilly,FAQ,27-08-2025,5100,6000,5500
Punjab,Ferozpur,Zira,Onion,Local,FAQ,27-08-2025,1600,2000,1800
Punjab,Ferozpur,Zira,Papaya,Other,Large,27-08-2025,3000,3500,3300
Punjab,Ferozpur,Zira,Potato,(Red Nanital),FAQ,27-08-2025,900,1100,1000
Punjab,Hoshiarpur,Garh Shankar,Mousambi(Sweet Lime),Mousambi,Medium,27-08-2025,4000,5000,4500
Punjab,Hoshiarpur,GarhShankar (Kotfatuhi),Onion,Other,FAQ,27-08-2025,1700,2000,1800
Punjab,Hoshiarpur,GarhShankar (Kotfatuhi),Potato,Other,FAQ,27-08-2025,800,1000,900
Punjab,Hoshiarpur,Tanda Urmur,Cabbage,Other,FAQ,27-08-2025,2000,2500,2200
Punjab,Hoshiarpur,Tanda Urmur,Cauliflower,Other,FAQ,27-08-2025,4000,5000,4400
Punjab,Hoshiarpur,Tanda Urmur,Garlic,Other,FAQ,27-08-2025,8000,10000,9000
Punjab,Hoshiarpur,Tanda Urmur,Lemon,Other,FAQ,27-08-2025,5000,6000,5500
Punjab,Ludhiana,Doraha,Ginger(Dry),Big/Thick,FAQ,27-08-2025,5500,5500,5500
Punjab,Ludhiana,Doraha,Sponge gourd,Other,FAQ,27-08-2025,1200,1200,1200
Punjab,Ludhiana,Khanna,Apple,Other,Medium,27-08-2025,4000,8000,5000
Punjab,Ludhiana,Khanna,Cauliflower,Other,FAQ,27-08-2025,1000,2500,1500
Punjab,Ludhiana,Khanna,Green Chilli,Other,FAQ,27-08-2025,2000,3500,2500
Punjab,Ludhiana,Khanna,Mousambi(Sweet Lime),Other,Medium,27-08-2025,3000,4000,3500
Punjab,Ludhiana,Khanna,Pomegranate,Other,Medium,27-08-2025,5000,9000,8000
Punjab,Ludhiana,Khanna,Tomato,Other,FAQ,27-08-2025,2000,3000,2500
Punjab,Ludhiana,Ludhiana,Cucumbar(Kheera),Other,FAQ,27-08-2025,700,1700,1000
Punjab,Ludhiana,Ludhiana,Ginger(Dry),Other,FAQ,27-08-2025,2200,3200,2800
Punjab,Ludhiana,Ludhiana,Green Chilli,Other,FAQ,27-08-2025,1000,4000,2800
Punjab,Ludhiana,Ludhiana,Potato,Other,FAQ,27-08-2025,300,800,600
Punjab,Ludhiana,Ludhiana,Tomato,Other,FAQ,27-08-2025,2000,4300,3200
Punjab,Moga,Kot ise Khan,Bhindi(Ladies Finger),Other,FAQ,27-08-2025,1000,1200,1100
Punjab,Mohali,Kurali,Cabbage,Other,FAQ,27-08-2025,1600,1800,1700
Punjab,Mohali,Kurali,Ginger(Dry),Other,FAQ,27-08-2025,4000,4500,4250
Punjab,Ropar (Rupnagar),Chamkaur Sahib,Bhindi(Ladies Finger),Other,FAQ,27-08-2025,2900,3000,2950
Punjab,Ropar (Rupnagar),Chamkaur Sahib,Green Chilli,Other,FAQ,27-08-2025,2900,3000,2950
Punjab,Ropar (Rupnagar),Chamkaur Sahib,Lemon,Lemon,FAQ,27-08-2025,5900,6000,5950
Punjab,Ropar (Rupnagar),Chamkaur Sahib,Potato,Other,FAQ,27-08-2025,900,1000,950
Punjab,Ropar (Rupnagar),Chamkaur Sahib,Pumpkin,Other,FAQ,27-08-2025,400,500,450
Punjab,Sangrur,Ahmedgarh,Onion,Other,FAQ,27-08-2025,2000,2200,2200
Punjab,Tarntaran,Naushera Pannuan,Bhindi(Ladies Finger),Other,FAQ,27-08-2025,2000,2000,2000
Punjab,Tarntaran,Naushera Pannuan,Bottle gourd,Bottle Gourd,FAQ,27-08-2025,2000,2000,2000
Punjab,Tarntaran,Patti,Onion,Other,FAQ,27-08-2025,1400,1800,1600
Punjab,Tarntaran,Tarantaran,Carrot,Other,FAQ,27-08-2025,2500,2800,2600
Punjab,Tarntaran,Tarantaran,Tomato,Other,FAQ,27-08-2025,4000,5000,4500
Rajasthan,Beawar,Beawar,Cummin Seed(Jeera),Other,FAQ,27-08-2025,18000,19000,18500
Rajasthan,Churu,Churu,Potato,(Red Nanital),Non-FAQ,27-08-2025,1000,1200,1100
Rajasthan,Churu,Sadulpur,Bajra(Pearl Millet/Cumbu),Local,FAQ,27-08-2025,2100,2200,2150
Rajasthan,Ganganagar,Sriganganagar (F&V),Capsicum,Other,FAQ,27-08-2025,3800,4200,4000
Rajasthan,Ganganagar,Sriganganagar (F&V),Cauliflower,Other,FAQ,27-08-2025,3800,4200,4000
Rajasthan,Ganganagar,Sriganganagar (F&V),Ginger(Green),Green Ginger,FAQ,27-08-2025,4300,4700,4500
Rajasthan,Ganganagar,Sriganganagar (F&V),Papaya,Other,Medium,27-08-2025,2200,2600,2400
Rajasthan,Hanumangarh,Rawatsar,Potato,(Red Nanital),FAQ,27-08-2025,1100,1100,1100
Rajasthan,Jaipur Rural,Bassi,Bajra(Pearl Millet/Cumbu),Other,Non-FAQ,27-08-2025,2175,2350,2262
Rajasthan,Jaipur Rural,Bassi,Barley (Jau),Other,Non-FAQ,27-08-2025,2200,2231,2215
Rajasthan,Jaipur Rural,Bassi,Guar Seed(Cluster Beans Seed),Other,FAQ,27-08-2025,4781,4781,4781
Rajasthan,Jaipur Rural,Bassi,Onion,Other,Non-FAQ,27-08-2025,1800,2200,2000
Rajasthan,Jaipur Rural,Bassi,Tomato,Other,Non-FAQ,27-08-2025,6800,7200,7000
Rajasthan,Jodhpur,Jodhpur (F&V),Papaya,Other,Medium,27-08-2025,1000,2500,1700
Rajasthan,Jodhpur Rural,Ositan Mathania,Wheat,Local,FAQ,27-08-2025,2400,2500,2450
Telangana,Hyderabad,Bowenpally,Beetroot,Beetroot,FAQ,27-08-2025,500,1800,1400
Telangana,Hyderabad,Bowenpally,Green Chilli,Green Chilly,FAQ,27-08-2025,1500,3000,2600
Telangana,Hyderabad,Bowenpally,Tomato,Deshi,FAQ,27-08-2025,600,2400,1800
Telangana,Karimnagar,Huzzurabad,Paddy(Dhan)(Common),1001,FAQ,27-08-2025,2300,2300,2300
Tripura,Gomati,Nutanbazar,Brinjal,Round/Long,FAQ,27-08-2025,4850,5000,4950
Tripura,Gomati,Nutanbazar,Cowpea(Veg),Cowpea (Veg),FAQ,27-08-2025,5850,6000,5950
Uttar Pradesh,Agra,Fatehabad,Bajra(Pearl Millet/Cumbu),Deshi,FAQ,27-08-2025,1800,2350,2100
Uttar Pradesh,Agra,Fatehabad,Bottle gourd,Bottle Gourd,FAQ,27-08-2025,600,800,800
Uttar Pradesh,Agra,Fatehabad,Ginger(Green),Green Ginger,FAQ,27-08-2025,2000,2500,2300
Uttar Pradesh,Agra,Jagnair,Bhindi(Ladies Finger),Bhindi,FAQ,27-08-2025,1000,1100,1050
Uttar Pradesh,Agra,Jagnair,Bottle gourd,Bottle Gourd,FAQ,27-08-2025,1200,1300,1250
Uttar Pradesh,Agra,Jagnair,Raddish,Raddish,FAQ,27-08-2025,1400,1500,1450
Uttar Pradesh,Agra,Jagnair,Sponge gourd,Other,FAQ,27-08-2025,1800,1900,1850
Uttar Pradesh,Agra,Jagnair,Tomato,Deshi,FAQ,27-08-2025,2400,2500,2450
Uttar Pradesh,Aligarh,Atrauli,Bhindi(Ladies Finger),Bhindi,FAQ,27-08-2025,1400,1500,1450
Uttar Pradesh,Aligarh,Atrauli,Cucumbar(Kheera),Cucumbar,FAQ,27-08-2025,1700,1800,1750
Uttar Pradesh,Aligarh,Atrauli,Wheat,Dara,FAQ,27-08-2025,2400,2500,2450
Uttar Pradesh,Aligarh,Charra,Green Chilli,Green Chilly,FAQ,27-08-2025,4800,5000,4900
Uttar Pradesh,Aligarh,Charra,Maize,Hybrid,FAQ,27-08-2025,2000,2100,2050
Uttar Pradesh,Amethi,Sultanpur,Apple,Delicious,Medium,27-08-2025,7760,7835,7800
Uttar Pradesh,Amethi,Sultanpur,Bhindi(Ladies Finger),Bhindi,FAQ,27-08-2025,1580,1635,1600
Uttar Pradesh,Amethi,Sultanpur,Capsicum,Capsicum,FAQ,27-08-2025,5525,5580,5550
Uttar Pradesh,Amethi,Sultanpur,Jack Fruit,Jack Fruit,Medium,27-08-2025,1485,1525,1500
Uttar Pradesh,Amethi,Sultanpur,Lemon,Lemon,FAQ,27-08-2025,4135,4180,4155
Uttar Pradesh,Amethi,Sultanpur,Pomegranate,Pomogranate,Medium,27-08-2025,6680,6735,6700
Uttar Pradesh,Amethi,Sultanpur,Potato,Desi,Non-FAQ,27-08-2025,725,750,735
Uttar Pradesh,Amethi,Sultanpur,Tomato,Deshi,FAQ,27-08-2025,4080,4135,4100
Uttar Pradesh,Amroha,Dhanaura,Banana,Medium,Medium,27-08-2025,1000,1500,1200
Uttar Pradesh,Amroha,Hasanpur,Brinjal,Arkasheela Mattigulla,FAQ,27-08-2025,1410,1500,1450
Uttar Pradesh,Amroha,Hasanpur,Onion,Nasik,Non-FAQ,27-08-2025,1000,1200,1100
Uttar Pradesh,Amroha,Hasanpur,Papaya,Papaya,Medium,27-08-2025,1410,1500,1450
Uttar Pradesh,Ayodhya,Faizabad,Lentil (Masur)(Whole),Masoor Gola,FAQ,27-08-2025,7350,7460,7420
Uttar Pradesh,Ayodhya,Faizabad,Maize,Hybrid,FAQ,27-08-2025,2300,2400,2360
Uttar Pradesh,Ayodhya,Faizabad,Pomegranate,Pomogranate,Medium,27-08-2025,7000,7300,7200
Uttar Pradesh,Badaun,Shahaswan,Cauliflower,Cauliflower,FAQ,27-08-2025,2800,3200,3000
Uttar Pradesh,Balrampur,Panchpedwa,Banana - Green,Banana - Green,FAQ,27-08-2025,1500,1700,1600
Uttar Pradesh,Balrampur,Panchpedwa,Paddy(Dhan)(Common),Paddy,FAQ,27-08-2025,2300,2400,2350
Uttar Pradesh,Balrampur,Panchpedwa,Potato,Potato,FAQ,27-08-2025,1200,1400,1300
Uttar Pradesh,Balrampur,Panchpedwa,Wheat,Dara,FAQ,27-08-2025,2425,2500,2450
Uttar Pradesh,Bareilly,Anwala,Bottle gourd,Bottle Gourd,FAQ,27-08-2025,800,1000,900
Uttar Pradesh,Bareilly,Anwala,Tomato,Deshi,FAQ,27-08-2025,3000,4000,3500
Uttar Pradesh,Bulandshahar,Divai,Bajra(Pearl Millet/Cumbu),Hybrid,FAQ,27-08-2025,2625,2635,2630
Uttar Pradesh,Bulandshahar,Divai,Bottle gourd,Bottle Gourd,FAQ,27-08-2025,900,1100,1000
Uttar Pradesh,Bulandshahar,Divai,Brinjal,Brinjal,FAQ,27-08-2025,800,1000,900
Uttar Pradesh,Bulandshahar,Divai,Wheat,Dara,FAQ,27-08-2025,2550,2600,2580
Uttar Pradesh,Bulandshahar,Gulavati,Bitter gourd,Bitter Gourd,FAQ,27-08-2025,1500,1700,1600
Uttar Pradesh,Bulandshahar,Gulavati,Cauliflower,Cauliflower,FAQ,27-08-2025,1100,1300,1200
Uttar Pradesh,Bulandshahar,Gulavati,Colacasia,Other,FAQ,27-08-2025,1200,1400,1300
Uttar Pradesh,Bulandshahar,Gulavati,Green Chilli,Green Chilly,FAQ,27-08-2025,2100,2300,2200
Uttar Pradesh,Bulandshahar,Gulavati,Onion,Red,FAQ,27-08-2025,1500,1700,1600
Uttar Pradesh,Bulandshahar,Gulavati,Potato,Desi,FAQ,27-08-2025,1200,1400,1300
Uttar Pradesh,Bulandshahar,Sikarpur,Bottle gourd,Bottle Gourd,FAQ,27-08-2025,1800,2000,1900
Uttar Pradesh,Bulandshahar,Sikarpur,Onion,Red,FAQ,27-08-2025,1200,1400,1300
Uttar Pradesh,Bulandshahar,Sikarpur,Potato,Potato,FAQ,27-08-2025,850,1000,950
Uttar Pradesh,Bulandshahar,Sikarpur,Sponge gourd,Sponge gourd,FAQ,27-08-2025,1400,1500,1450
Uttar Pradesh,Etawah,Bharthna,Potato,Desi,FAQ,27-08-2025,900,1100,1000
Uttar Pradesh,Etawah,Jasvantnagar,Maize,Yellow,FAQ,27-08-2025,2200,2250,2225
Uttar Pradesh,Etawah,Jasvantnagar,Onion,Red,FAQ,27-08-2025,1470,1570,1520
Uttar Pradesh,Farukhabad,Kamlaganj,Cauliflower,Cauliflower,FAQ,27-08-2025,3200,3300,3250
Uttar Pradesh,Firozabad,Firozabad,Bottle gourd,Bottle Gourd,FAQ,27-08-2025,1240,1460,1350
Uttar Pradesh,Firozabad,Firozabad,Cauliflower,Cauliflower,FAQ,27-08-2025,3200,3470,3340
Uttar Pradesh,Firozabad,Firozabad,Green Chilli,Green Chilly,FAQ,27-08-2025,4175,4400,4280
Uttar Pradesh,Firozabad,Firozabad,Pomegranate,Pomogranate,Medium,27-08-2025,5850,6300,6100
Uttar Pradesh,Firozabad,Firozabad,Pumpkin,Pumpkin,FAQ,27-08-2025,970,1180,1090
Uttar Pradesh,Firozabad,Firozabad,White Peas,White Peas,FAQ,27-08-2025,3900,4030,3980
Uttar Pradesh,Firozabad,Tundla,Maize,Local,FAQ,27-08-2025,2210,2250,2230
Uttar Pradesh,Firozabad,Tundla,Onion,Red,FAQ,27-08-2025,1445,1490,1470
Uttar Pradesh,Firozabad,Tundla,Pomegranate,Pomogranate,Medium,27-08-2025,6325,6400,6350
Uttar Pradesh,Firozabad,Tundla,Pumpkin,Pumpkin,FAQ,27-08-2025,1400,1450,1425
Uttar Pradesh,Hamirpur,Kurara,Wheat,Dara,FAQ,27-08-2025,2300,2400,2350
Uttar Pradesh,Hathras,Haathras,Cabbage,Cabbage,FAQ,27-08-2025,1200,1400,1320
Uttar Pradesh,Hathras,Haathras,Ginger(Green),Green Ginger,FAQ,27-08-2025,3650,3850,3750
Uttar Pradesh,Hathras,Haathras,Pumpkin,Pumpkin,FAQ,27-08-2025,950,1150,1080
Uttar Pradesh,Hathras,Shadabad,Potato,Desi,FAQ,27-08-2025,600,700,650
Uttar Pradesh,Jalaun (Orai),Jalaun,Banana,Banana - Ripe,Medium,27-08-2025,1800,2000,2000
Uttar Pradesh,Jalaun (Orai),Jalaun,Potato,Desi,FAQ,27-08-2025,1000,1200,1100
Uttar Pradesh,Jalaun (Orai),Jalaun,Tomato,Hybrid,FAQ,27-08-2025,2200,2500,2400
Uttar Pradesh,Khiri (Lakhimpur),Maigalganj,Bhindi(Ladies Finger),Other,FAQ,27-08-2025,2100,2150,2125
Uttar Pradesh,Khiri (Lakhimpur),Maigalganj,Garlic,Garlic,FAQ,27-08-2025,3600,3660,3630
Uttar Pradesh,Khiri (Lakhimpur),Maigalganj,Onion,Red,FAQ,27-08-2025,1800,1850,1825
Uttar Pradesh,Khiri (Lakhimpur),Maigalganj,Wheat,Dara,FAQ,27-08-2025,2500,2600,2550
Uttar Pradesh,Maharajganj,Anandnagar,Tomato,Deshi,FAQ,27-08-2025,1400,1800,1600
Uttar Pradesh,Maharajganj,Nautnava,Garlic,Average,FAQ,27-08-2025,2300,2500,2400
Uttar Pradesh,Maharajganj,Nautnava,Gur(Jaggery),Red,FAQ,27-08-2025,2700,2900,2800
Uttar Pradesh,Maharajganj,Nautnava,Pumpkin,Pumpkin,FAQ,27-08-2025,500,600,550
Uttar Pradesh,Maharajganj,Nautnava,Rice,III,FAQ,27-08-2025,2800,3150,2970
Uttar Pradesh,Mahoba,Mahoba,Onion,Red,FAQ,27-08-2025,1350,1450,1400
Uttar Pradesh,Mahoba,Mahoba,Pomegranate,Pomogranate,Medium,27-08-2025,6300,6400,6350
Uttar Pradesh,Mahoba,Mahoba,Potato,Desi,FAQ,27-08-2025,1100,1200,1135
Uttar Pradesh,Mahoba,Mahoba,Tomato,Local,FAQ,27-08-2025,3800,3900,3850
Uttar Pradesh,Mainpuri,Ghiraur,Rice,III,FAQ,27-08-2025,3310,3510,3410
Uttar Pradesh,Mau(Maunathbhanjan),Doharighat,Onion,Red,FAQ,27-08-2025,1900,2000,1955
Uttar Pradesh,Mau(Maunathbhanjan),Kopaganj,Bhindi(Ladies Finger),Bhindi,FAQ,27-08-2025,900,1000,950
Uttar Pradesh,Mau(Maunathbhanjan),Kopaganj,Bitter gourd,Bitter Gourd,FAQ,27-08-2025,1000,1200,1100
Uttar Pradesh,Mau(Maunathbhanjan),Kopaganj,Potato,Desi,FAQ,27-08-2025,700,900,800
Uttar Pradesh,Prayagraj,Ajuha,Tomato,Deshi,FAQ,27-08-2025,3930,4080,4000
Uttar Pradesh,Prayagraj,Allahabad,Bhindi(Ladies Finger),Bhindi,FAQ,27-08-2025,1530,1600,1560
Uttar Pradesh,Prayagraj,Allahabad,Brinjal,Round/Long,FAQ,27-08-2025,1600,1700,1660
Uttar Pradesh,Prayagraj,Allahabad,Papaya,Papaya,Medium,27-08-2025,2700,2800,2760
Uttar Pradesh,Prayagraj,Allahabad,Rice,Common,FAQ,27-08-2025,3200,3300,3220
Uttar Pradesh,Prayagraj,Allahabad,Tomato,Hybrid,FAQ,27-08-2025,3980,4080,4030
Uttar Pradesh,Prayagraj,Allahabad,Wheat,Dara,FAQ,27-08-2025,2425,2530,2500
Uttar Pradesh,Prayagraj,Lediyari,Wheat,Dara,FAQ,27-08-2025,2400,2450,2425
Uttar Pradesh,Raebarelli,Bachranwa,Bottle gourd,Bottle Gourd,FAQ,27-08-2025,1500,1550,1525
Uttar Pradesh,Raebarelli,Bachranwa,Green Chilli,Green Chilly,FAQ,27-08-2025,4500,4600,4550
Uttar Pradesh,Raebarelli,Bachranwa,Gur(Jaggery),Red,FAQ,27-08-2025,4425,4465,4450
Uttar Pradesh,Rampur,Shahabad,Wheat,Other,FAQ,27-08-2025,2450,2490,2470
Uttar Pradesh,Sambhal,Bhehjoi,Maize,Yellow,Non-FAQ,27-08-2025,2000,2300,2100
Uttar Pradesh,Sambhal,Bhehjoi,Wood,Eucalyptus,FAQ,27-08-2025,500,510,505
Uttar Pradesh,Sambhal,Sambhal,Bottle gourd,Bottle Gourd,FAQ,27-08-2025,1000,1250,1200
Uttar Pradesh,Sant Kabir Nagar,Khalilabad,Brinjal,Brinjal,FAQ,27-08-2025,1800,2000,1900
Uttar Pradesh,Sant Kabir Nagar,Khalilabad,Green Chilli,Green Chilly,FAQ,27-08-2025,2000,2200,2100
Uttar Pradesh,Sant Kabir Nagar,Khalilabad,Onion,Red,FAQ,27-08-2025,1300,1500,1400
Uttar Pradesh,Sant Kabir Nagar,Khalilabad,Pointed gourd (Parval),Pointed gourd (Parval),FAQ,27-08-2025,1800,2000,1900
Uttar Pradesh,Shravasti,Payagpur,Tomato,Deshi,FAQ,27-08-2025,3600,3800,3700
Uttar Pradesh,Sitapur,Hargaon (Laharpur),Firewood,Other,FAQ,27-08-2025,300,340,320
Uttar Pradesh,Sitapur,Hargaon (Laharpur),Onion,Nasik,FAQ,27-08-2025,1000,1100,1050
Uttrakhand,Dehradoon,Vikasnagar,Apple,Other,Medium,27-08-2025,1300,6500,4500
Uttrakhand,Dehradoon,Vikasnagar,Cauliflower,Other,FAQ,27-08-2025,500,1600,1600
Uttrakhand,Dehradoon,Vikasnagar,Cucumbar(Kheera),Other,FAQ,27-08-2025,500,900,900
Uttrakhand,Dehradoon,Vikasnagar,Garlic,Other,FAQ,27-08-2025,4500,5000,5000
Uttrakhand,Dehradoon,Vikasnagar,Green Chilli,Other,FAQ,27-08-2025,1400,1900,1900
Uttrakhand,Dehradoon,Vikasnagar,Guava,Other,Medium,27-08-2025,1500,2000,2000
Uttrakhand,Dehradoon,Vikasnagar,Papaya,Other,Medium,27-08-2025,1300,1700,1700
Uttrakhand,Dehradoon,Vikasnagar,Potato,Other,Non-FAQ,27-08-2025,1200,1500,1500
Uttrakhand,Dehradoon,Vikasnagar,Pumpkin,Other,FAQ,27-08-2025,500,700,700
Uttrakhand,Dehradoon,Vikasnagar,Sponge gourd,Other,FAQ,27-08-2025,1200,1300,1300
Uttrakhand,Haridwar,Bhagwanpur(Naveen Mandi Sthal),Onion,Other,Non-FAQ,27-08-2025,600,800,700
Uttrakhand,Haridwar,Bhagwanpur(Naveen Mandi Sthal),Tomato,Other,Non-FAQ,27-08-2025,1200,1400,1300
Uttrakhand,Haridwar,Haridwar Union,Pumpkin,Pumpkin,FAQ,27-08-2025,700,1000,800
Uttrakhand,Haridwar,Lakshar,Wheat,Other,FAQ,27-08-2025,2450,2500,2475
Uttrakhand,Haridwar,Roorkee,Banana,Other,Large,27-08-2025,800,1200,1000
Uttrakhand,Haridwar,Roorkee,Bhindi(Ladies Finger),Other,FAQ,27-08-2025,500,800,600
Uttrakhand,UdhamSinghNagar,Kicchha,Apple,Kasmir/Shimla - II,Medium,27-08-2025,6000,8000,7000
Uttrakhand,UdhamSinghNagar,Kicchha,Tomato,Deshi,Non-FAQ,27-08-2025,3000,3200,3100
Uttrakhand,UdhamSinghNagar,Rudrapur,Bottle gourd,Other,FAQ,27-08-2025,1500,2000,1800
Uttrakhand,UdhamSinghNagar,Rudrapur,Cabbage,Other,FAQ,27-08-2025,5000,7000,6000
Uttrakhand,UdhamSinghNagar,Rudrapur,Cucumbar(Kheera),Other,FAQ,27-08-2025,1500,2200,1800
Uttrakhand,UdhamSinghNagar,Rudrapur,Lemon,Other,FAQ,27-08-2025,2000,5000,3000
Uttrakhand,UdhamSinghNagar,Rudrapur,Papaya,Other,Medium,27-08-2025,3000,5000,4000
Uttrakhand,UdhamSinghNagar,Rudrapur,Pomegranate,Other,Medium,27-08-2025,7000,8000,7500
Uttrakhand,UdhamSinghNagar,Rudrapur,Raddish,Other,FAQ,27-08-2025,2000,2500,2200
Uttrakhand,UdhamSinghNagar,Sitarganj,Bhindi(Ladies Finger),Other,FAQ,27-08-2025,1000,1500,1200
Uttrakhand,UdhamSinghNagar,Sitarganj,Green Chilli,Other,FAQ,27-08-2025,2000,3000,2500
West Bengal,Bankura,Bankura Sadar,Brinjal,Round/Long,FAQ,27-08-2025,3800,4200,4000
West Bengal,Bankura,Bankura Sadar,Mustard,Mustard,FAQ,27-08-2025,5850,6500,5950
West Bengal,Bankura,Indus(Bankura Sadar),Brinjal,Round/Long,FAQ,27-08-2025,3800,4200,4000
West Bengal,Bankura,Indus(Bankura Sadar),Rice,Fine,FAQ,27-08-2025,4550,4650,4600
West Bengal,Bankura,Indus(Bankura Sadar),Sweet Pumpkin,Sweet Pumpkin,FAQ,27-08-2025,1500,1650,1600
West Bengal,Dakshin Dinajpur,Balurghat,Pointed gourd (Parval),Other,FAQ,27-08-2025,3000,3500,3200
West Bengal,Dakshin Dinajpur,Balurghat,Potato,Local,FAQ,27-08-2025,1100,1120,1110
West Bengal,Jalpaiguri,Jalpaiguri Sadar,Onion,Nasik,FAQ,27-08-2025,2300,2500,2400
West Bengal,Jhargram,Jhargram,Potato,Jyoti,FAQ,27-08-2025,1110,1200,1150
West Bengal,Jhargram,Jhargram,Rice,Super Fine,FAQ,27-08-2025,4800,5200,5000
West Bengal,Medinipur(W),Ghatal,Bhindi(Ladies Finger),Bhindi,FAQ,27-08-2025,5400,5600,5500
West Bengal,Medinipur(W),Ghatal,Carrot,Carrot,FAQ,27-08-2025,3600,3800,3700
West Bengal,Medinipur(W),Ghatal,Sweet Pumpkin,Other,FAQ,27-08-2025,2700,2900,2800
West Bengal,Murshidabad,Jiaganj,Jute,TD-5,FAQ,27-08-2025,7150,7250,7200
West Bengal,Murshidabad,Jiaganj,Potato,Local,FAQ,27-08-2025,1300,1380,1350
West Bengal,Murshidabad,Jiaganj,Wheat,Sonalika,FAQ,27-08-2025,2600,2620,2610
